7806.24415   18.031     0.02174
7806.25732   17.898     0.01963
7806.26931   17.940     0.01814
7807.23272   17.892     0.02293
7807.24428   18.007     0.02557
7807.25593   18.201     0.03117
7807.26738   17.942     0.02335
7808.22848   17.973     0.01527
7808.24061   18.001     0.01941
7808.25275   18.009     0.01740
7808.26496   18.000     0.01703
7809.22242   18.040     0.02570
7809.23434   17.863     0.02976
7809.24645   18.029     0.02609
7809.25833   17.912     0.02211
7809.27015   18.025     0.02625
7809.28226   17.996     0.02957
7815.21041   18.191     0.03089
7815.22261   18.109     0.02137
7815.23723   18.147     0.02130
7815.24928   18.092     0.01757
7815.26109   18.115     0.01789
7815.27261   18.098     0.01555
7818.19541   18.395     0.04623
7818.21653   18.201     0.02538
7818.22995   18.131     0.02001
7818.24273   18.172     0.01917
7818.25491   18.112     0.01957
7818.26638   18.097     0.01890
7819.23363   18.055     0.02829
7819.24653   18.180     0.02763
7819.25844   18.256     0.03124
7819.27058   18.180     0.02555
7821.18736   18.088     0.03139
7821.19864   18.065     0.02566
7821.24266   18.274     0.03083
7821.26150   18.140     0.02342
7821.27196   18.134     0.02263
7821.28337   18.183     0.02538
7822.18666   18.187     0.02945
7822.19883   18.105     0.03133
7822.21034   18.150     0.02446
7822.22211   18.186     0.02493
7822.23361   18.120     0.02235
7822.24515   18.154     0.02292
7822.25684   18.149     0.01994
7822.26854   18.147     0.02545
7822.26991   18.250     0.03117
7822.29249   18.162     0.02462
7823.19149   18.190     0.03643
7823.20475   18.178     0.06134
7823.21883   18.088     0.05276
7823.23218   18.059     0.03521
7823.24404   18.167     0.01973
7823.25615   18.196     0.03335
7823.26854   18.162     0.02144
7823.28072   18.161     0.02195
7824.18738   18.145     0.02515
7824.19845   18.122     0.02261
7824.20948   18.174     0.02364
7824.22864   18.100     0.02652
7824.24100   18.174     0.02316
7824.25296   18.138     0.02006
7824.26458   18.148     0.01917
7824.27662   18.173     0.02426
7829.18898   18.173     0.02082
7829.20089   18.174     0.01936
7829.21287   18.146     0.02459
7829.23729   18.145     0.02059
7829.25762   18.177     0.01944
7829.26927   18.168     0.02019
7829.28098   18.180     0.02268
7840.22472   18.223     0.02978
7840.23623   18.196     0.01968
7840.25042   18.182     0.01996
7840.26361   18.188     0.01828
7840.27511   18.169     0.01651
7840.28636   18.179     0.01674
7840.29830   18.190     0.01827
7844.13803   18.226     0.02657
7844.14949   18.220     0.02659
7844.16124   18.127     0.02268
7844.16415   18.185     0.02535
7844.17541   18.296     0.02705
7844.18712   18.239     0.02244
7844.19857   18.158     0.02053
7844.21009   18.169     0.02066
7844.22166   18.195     0.02031
7844.22752   18.192     0.01825
7844.23919   18.224     0.01880
7844.26023   18.205     0.01965
7844.27899   18.188     0.02182
7844.29096   18.230     0.02282
7844.30260   18.214     0.02472
7845.14187   18.234     0.03134
7845.15406   18.277     0.04455
7845.16576   18.159     0.02578
7845.17732   18.353     0.03358
7845.18872   18.181     0.02342
7845.20190   18.112     0.02879
7845.21319   18.229     0.02777
7845.22544   18.144     0.03098
7845.23665   17.966     0.02551
7851.11501   18.136     0.02763
7851.13552   18.051     0.02696
7851.15051   18.158     0.02833
7851.16529   18.009     0.02530
7851.17728   18.159     0.02872
7851.18958   18.281     0.02876
7851.20234   18.166     0.02601
7851.21594   18.177     0.02635
7851.22854   18.186     0.02592
7851.24147   18.189     0.02388
7851.25525   18.191     0.02439
7851.27979   18.155     0.02593
7851.29420   18.188     0.02392
7852.13450   18.146     0.03523
7852.14801   18.221     0.02181
7852.16036   18.169     0.02335
7852.17351   18.249     0.02586
7852.18642   18.189     0.02228
7852.19886   18.213     0.02360
7852.21278   18.190     0.02011
7852.22780   18.166     0.01852
7852.24148   18.200     0.02107
7852.26425   18.206     0.02819
7852.27751   18.279     0.02828
7852.29327   18.262     0.03079
7853.12098   18.357     0.31550
7853.15083   15.034     0.03952
7853.16405   14.544     0.02542
7853.21784    8.909     0.01029
7853.24112   18.130     0.04248
7853.25520   18.201     0.03522
7853.26947   18.332     0.04556
7853.28477   18.668     0.12369
7853.28949   18.155     0.03177
7856.10602   18.167     0.03488
7857.10375   18.213     0.02920
7857.11634   18.166     0.02593
7857.12859   18.188     0.03141
7857.14110   18.221     0.02782
7857.15345   18.170     0.02971
7857.16612   18.198     0.02813
7857.17846   18.223     0.02995
7857.19121   18.223     0.02482
7857.20430   18.178     0.02345
7857.22558   18.191     0.02264
7857.23884   18.159     0.02274
7857.25252   18.200     0.02307
7857.26737   18.220     0.02570
7857.28378   18.129     0.02385
7857.30005   18.221     0.02385
7858.10920   18.152     0.02242
7858.12326   18.176     0.02880
7858.13697   18.233     0.02469
7858.15038   18.205     0.02987
7858.17209   18.266     0.02545
7858.18718   18.192     0.02058
7858.20152   18.211     0.02230
7858.21529   18.181     0.01870
7858.22986   18.178     0.02074
7858.24653   18.173     0.02060
7858.25956   18.219     0.01956
7858.27735   18.160     0.02574
7858.29577   18.183     0.02246
7859.12146   18.045     0.07765
7859.13488   18.281     0.07107
7859.15559   18.054     0.21289
7860.09159   18.175     0.04353
7860.10267   18.155     0.04067
7860.11431   18.205     0.04399
7860.12607   18.165     0.04765
7860.13755   18.200     0.03969
7860.14915   18.206     0.04324
7860.16103   18.279     0.04485
7860.17295   18.200     0.03882
7860.18479   18.198     0.04010
7860.19881   18.213     0.04463
7860.21765   18.236     0.04734
7860.22886   18.308     0.05425
7860.24040   18.088     0.04103
7860.25287   18.075     0.03795
7860.26473   18.137     0.04172
7860.27681   18.235     0.04566
7860.28819   18.152     0.04109
7860.30010   18.185     0.03752
7860.31725   18.262     0.04934
7861.08400   18.243     0.04503
7861.09656   18.235     0.03758
7861.11769   18.172     0.03917
7861.12949   18.244     0.03501
7861.14146   18.175     0.03181
7861.15353   18.032     0.02964
7861.16501   18.185     0.03130
7861.17650   18.236     0.03457
7861.18858   18.165     0.03361
7861.20003   18.202     0.03640
7861.21132   18.132     0.03365
7861.22336   18.212     0.04203
7861.24533   18.288     0.04213
7861.25706   18.227     0.04535
7861.27063   18.186     0.03304
7861.28341   18.169     0.03295
7861.29567   18.224     0.03450
7861.30941   18.160     0.03413
7861.32157   18.233     0.04334
7862.07712   18.218     0.07984
7862.08869   18.072     0.08146
7862.10065   18.103     0.02673
7862.11377   18.132     0.02554
7862.13400   18.186     0.02832
7862.28400   18.177     0.02796
7862.29603   18.236     0.03172
7863.07160   18.163     0.02881
7863.08367   18.055     0.02748
7863.09778   18.179     0.03259
7863.11076   18.224     0.04439
7863.12340   18.420     0.19988
7863.13554   18.165     0.04448
7863.18631   18.207     0.02688
7863.20083   18.251     0.03004
7863.22112   18.202     0.02727
7863.23518   18.248     0.02806
7863.24958   18.168     0.03429
7863.26761   17.978     0.05933
7863.28234   18.270     0.07711
7863.29542   18.208     0.04457
7864.29266   18.152     0.02223
7871.05095   18.193     0.03049
7871.06296   18.183     0.02632
7871.06906   18.241     0.03274
7871.08156   18.276     0.03085
7871.09789   18.230     0.02604
7871.11799   18.166     0.02269
7871.13147   18.195     0.02223
7871.23086   18.205     0.02876
7871.24596   18.253     0.02715
7871.25830   18.127     0.02231
7871.27000   18.240     0.02244
7871.28205   18.205     0.02987
7871.29514   18.201     0.02520
7871.30789   18.174     0.03159
7873.24802   18.240     0.02730
7873.26059   18.200     0.02474
7873.27274   18.110     0.02355
7873.28231   18.124     0.03080
7873.29558   18.214     0.02903
7873.30808   18.281     0.03181
7874.04119   18.179     0.02615
7874.04277   18.180     0.02627
7874.04435   18.187     0.02142
7874.06161   18.103     0.02027
7874.07449   18.205     0.02124
7874.09343   18.182     0.02249
7874.10719   18.158     0.01993
7874.11934   18.200     0.01904
7874.13114   18.183     0.01908
7874.14353   18.229     0.01802
7874.16107   18.197     0.01919
7874.17121   18.157     0.02443
7874.18306   18.169     0.03328
7874.19503   18.198     0.02159
7874.21058   18.207     0.02156
7874.23380   18.204     0.01815
7874.24841   18.183     0.02083
7874.26249   18.257     0.01930
7874.27500   18.173     0.02194
7874.28711   18.209     0.02400
7874.29929   18.178     0.02103
7876.03694   18.248     0.03879
7876.04902   17.392     0.02413
7876.23196   17.977     0.03575
7876.24578   18.110     0.03632
7876.26839   18.634     0.06071
7876.28064   18.201     0.02856
7876.29469   18.179     0.02376
7876.30847   18.265     0.02503
7878.29513   18.272     0.02684
7878.30712   18.249     0.02805
7879.02991   18.264     0.03140
7879.04401   18.232     0.02882
7879.05669   18.177     0.02698
7879.06950   18.085     0.02588
7879.08203   18.272     0.02673
7879.09412   18.200     0.02409
7879.10729   18.182     0.02118
7879.12597   18.135     0.01990
7879.13803   18.247     0.02152
7879.15321   18.235     0.02113
7879.16599   18.162     0.01907
7879.18104   18.175     0.01700
7879.19354   18.160     0.01788
7879.20804   18.225     0.01813
7879.22383   18.232     0.01911
7879.24376   18.220     0.02061
7879.25809   18.186     0.02121
7879.27976   18.156     0.02245
7879.29145   18.221     0.02431
7879.30355   18.121     0.02332
7880.02631   18.189     0.03527
7880.03934   18.189     0.02860
7880.05281   18.250     0.02815
7880.06514   18.224     0.02659
7880.07833   18.197     0.02293
7880.09185   18.176     0.02312
7880.10370   18.390     0.16337
7881.02437   18.154     0.03669
7881.04390   18.205     0.03184
7881.05811   18.066     0.03639
7881.07158   18.171     0.02265
7881.08704   18.183     0.01996
7881.09988   18.181     0.02491
7881.11272   18.225     0.02327
7881.12541   18.194     0.02875
7881.13812   18.154     0.02482
7881.14982   18.183     0.02852
7881.16493   18.180     0.02238
7881.18607   18.211     0.02137
7881.20077   18.215     0.02103
7881.21547   18.182     0.02267
7881.22956   18.139     0.01709
7881.24183   18.165     0.02104
7881.25520   18.261     0.03109
7881.26908   18.226     0.01815
7881.29355   18.205     0.01903
7882.02589   18.216     0.03340
7882.03890   18.240     0.02996
7882.05101   18.187     0.02570
7882.06434   18.130     0.03005
7882.08648   18.224     0.02702
7882.09949   18.380     0.03529
7882.11133   18.258     0.03258
7882.12337   18.285     0.03005
7882.13526   18.320     0.03283
7882.14736   18.217     0.02991
7882.16037   18.272     0.03298
7882.17415   18.195     0.03153
7882.18790   18.163     0.03022
7882.20233   18.192     0.03954
7882.22715   18.156     0.03123
7883.01931   18.314     0.04990
7883.03145   18.171     0.03444
7883.04470   18.131     0.03464
7883.05771   18.242     0.03801
7883.07237   18.181     0.03259
7883.08489   18.237     0.03456
7883.09724   18.230     0.03644
7883.10833   18.165     0.03350
7883.12150   18.144     0.03120
7883.13702   18.163     0.02858
7883.15727   18.175     0.02770
7883.17025   18.308     0.03601
7883.18356   18.120     0.03542
7883.19618   18.145     0.02713
7883.21083   18.259     0.02762
7883.21771   18.163     0.02465
7883.23787   18.162     0.02447
7883.25006   18.159     0.02670
7883.26231   18.210     0.02706
7883.27379   18.178     0.02693
7883.29171   18.239     0.02944
7883.31182   18.128     0.02778
7884.02184   18.602     0.06439
7884.02570   18.346     0.04392
7884.03841   17.946     0.49399
7884.04147   18.264     0.03680
7884.05377   18.309     0.04341
7884.06567   18.541     0.05488
7884.07889   18.176     0.03202
7884.09239   18.240     0.03075
7884.10484   18.264     0.02759
7884.11889   18.240     0.02988
7884.13184   18.248     0.02934
7884.14524   18.168     0.02250
7884.15977   18.222     0.02875
7884.18339   18.190     0.02598
7884.19819   18.300     0.03290
7884.21655   18.194     0.02572
7884.22971   18.262     0.02860
7884.24313   18.322     0.03253
7884.25625   18.173     0.02242
7884.26908   18.195     0.02536
7884.28133   18.246     0.02947
7884.29408   18.218     0.02396
7884.30561   18.240     0.02736
7885.02901   18.164     0.03020
7885.04329   18.193     0.06164
7885.05791   18.122     0.04323
7885.07376   18.096     0.04481
7885.08630   18.398     0.05171
7885.10550   18.438     0.05532
7885.12219   18.216     0.04097
7885.13726   18.273     0.04422
7885.15325   18.087     0.03408
7885.16695   18.207     0.04067
7885.29152   18.233     0.04794
7885.30424   18.265     0.04994
7887.00990   18.368     0.06909
7887.02563   18.273     0.05527
7887.03751   18.219     0.07412
7887.04987   18.216     0.06438
7889.01312   18.222     0.05285
7889.02547   18.140     0.04299
7889.04042   18.115     0.04288
7889.05629   18.206     0.04450
7889.07115   18.342     0.04896
7889.08480   18.125     0.04035
7889.11057   18.294     0.04390
7889.12337   18.182     0.04023
7889.13838   18.063     0.03728
7889.24449   18.204     0.03374
7889.25657   18.146     0.03079
7889.26960   18.193     0.03198
7889.28209   18.200     0.03378
7889.29526   18.236     0.03675
7889.30787   18.151     0.03229
7889.99971   18.167     0.02978
7890.01168   18.170     0.03709
7890.03545   18.170     0.03389
7890.04872   18.107     0.03105
7890.05360   18.229     0.03698
7890.06536   18.219     0.03207
7890.07698   17.993     0.09177
7890.09172   18.477     0.14680
7890.10691   18.153     0.07538
7890.12087   18.207     0.06117
7890.13602   18.206     0.04921
7890.14841   18.130     0.04244
7890.16009   18.174     0.04789
7890.18171   18.285     0.03618
7890.20196   18.123     0.04174
7890.21525   18.019     0.06833
7890.25594   18.210     0.03381
7890.26836   18.204     0.03673
7890.28075   18.431     0.08135
7890.99668   18.218     0.03967
7891.00866   18.249     0.02956
7891.02061   18.212     0.02070
7891.03315   18.190     0.04052
7891.05440   18.140     0.01860
7891.06915   18.108     0.48731
7891.08347   18.211     0.12943
7891.09669   16.563     0.81096
7894.98631   18.264     0.03224
7895.00568   18.183     0.02503
7895.02016   18.318     0.03943
7895.03513   18.115     0.03258
7895.04835   18.182     0.03939
7895.06081   18.119     0.03729
7895.07285   18.187     0.02307
7895.08586   18.191     0.02196
7895.10826   18.325     0.02918
7895.12380   17.903     0.07011
7895.13659   18.175     0.03263
7895.13993   18.243     0.02230
7895.15276   18.254     0.14377
7895.16655   18.215     0.01862
7895.18234   18.205     0.01692
7895.19547   18.201     0.01825
7895.20802   18.202     0.01838
7895.22053   18.183     0.02149
7895.23741   18.126     0.02191
7895.25963   18.241     0.02310
7895.27259   18.182     0.02443
7895.28571   18.226     0.02701
7895.30050   18.190     0.02909
7895.98364   18.120     0.03296
7895.99533   18.132     0.02675
7896.00732   18.179     0.02264
7896.01894   18.175     0.02523
7896.03055   18.210     0.02272
7896.04243   18.189     0.02184
7896.05465   18.218     0.02514
7896.07546   18.164     0.01999
7896.09134   18.261     0.02282
7896.10980   18.184     0.02322
7896.12545   18.171     0.02229
7896.14114   18.169     0.01925
7896.15980   18.176     0.02012
7896.16197   18.187     0.01974
7896.18383   18.211     0.01801
7896.19663   18.228     0.01882
7896.20888   18.220     0.01949
7896.22089   18.190     0.02008
7896.23955   18.166     0.02121
7897.18412   18.227     0.02538
7897.19590   18.236     0.02281
7897.20739   18.133     0.02067
7897.21915   19.312     1.02541
7897.98904   18.233     0.03066
7898.00125   18.249     0.02660
7898.01329   18.173     0.02794
7898.02516   18.204     0.03185
7898.04140   18.212     0.03266
7898.05379   18.580     0.06651
7898.06744   18.161     0.03619
7898.07932   18.423     0.04537
7898.97459   18.176     0.02362
7898.99449   18.174     0.03205
7899.00626   18.346     0.03384
7899.01760   18.252     0.02281
7899.03154   18.145     0.02738
7899.04438   18.200     0.02098
7899.05623   18.152     0.02275
7899.06979   18.208     0.01959
7899.08212   18.208     0.01781
7899.09453   18.226     0.01671
7899.13500   18.193     0.01547
7899.14703   18.181     0.02306
7899.15928   18.243     0.02976
7899.17494   18.157     0.01804
7899.17970   18.191     0.01706
7899.19325   18.204     0.02219
7899.20647   18.246     0.02518
7899.21879   18.281     0.03962
7899.23052   18.185     0.02077
7899.24260   18.219     0.02365
7899.25545   18.198     0.02684
7899.27556   18.155     0.02958
7899.28759   18.192     0.02067
7899.30048   18.235     0.02885
7899.31419   18.197     0.02455
7899.97285   18.227     0.02003
7899.98478   18.181     0.02031
7899.99689   17.565     0.12594
7900.00049   18.206     0.02074
7900.01269   18.203     0.02020
7900.02507   18.207     0.01745
7900.03732   18.219     0.01975
7900.05032   18.221     0.01948
7900.07052   18.194     0.01612
7900.08363   18.185     0.01678
7900.09657   18.237     0.04276
7900.11084   18.180     0.01637
7900.12330   18.173     0.01732
7900.13481   18.211     0.01691
7900.15008   18.185     0.01765
7900.16491   18.198     0.01629
7900.18267   18.193     0.01803
7900.19567   18.208     0.01765
7900.20895   18.196     0.01794
7900.22833   18.201     0.01766
7900.24040   18.201     0.02007
7900.25495   18.210     0.02380
7900.26876   18.231     0.03075
7900.28130   18.188     0.02110
7900.29352   18.231     0.02200
7900.30961   18.219     0.02461
7900.96893   18.236     0.04353
7900.97041   18.126     0.04018
7900.98124   18.086     0.03188
7900.99420   18.129     0.02198
7901.00695   18.177     0.01921
7901.02748   18.175     0.01927
7901.04010   18.188     0.01927
7901.05379   18.195     0.01908
7901.06555   18.234     0.02771
7901.07815   18.204     0.01966
7901.09148   18.170     0.01582
7901.10402   18.252     0.01792
7901.11640   18.234     0.01961
7901.12916   18.202     0.02035
7901.14169   18.187     0.02404
7901.98258   18.408     0.04894
7902.00366   18.245     0.03699
7902.02675   18.211     0.03713
7902.03901   18.567     0.07192
7902.05125   17.880     0.03894
7902.06300   18.311     0.03695
7902.07496   18.224     0.03113
7902.08737   18.087     0.02812
7902.10305   18.122     0.02933
7902.11557   18.163     0.02948
7902.13563   18.293     0.03267
7902.14827   18.142     0.02633
7902.16384   18.117     0.02553
7902.17692   18.196     0.02629
7902.18884   18.117     0.02601
7902.20339   18.167     0.02533
7902.21635   18.165     0.02731
7902.22951   18.239     0.03420
7902.24598   18.276     0.02916
7902.26298   18.201     0.02761
7902.27491   18.288     0.03770
7902.29648   18.228     0.02817
7902.30950   18.143     0.02975
7902.32222   18.135     0.03693
7902.96708   18.115     0.02763
7902.97923   18.194     0.02827
7902.99422   18.178     0.02636
7903.00830   18.167     0.02377
7903.02001   18.148     0.02523
7903.03223   18.232     0.02218
7903.04457   18.223     0.02188
7903.05722   18.182     0.02448
7903.07999   18.216     0.02434
7903.09440   18.255     0.02782
7903.10822   18.228     0.02289
7903.12010   18.242     0.02304
7903.13451   18.231     0.02664
7903.14907   18.209     0.02336
7903.16352   18.146     0.02257
7903.17733   18.214     0.02268
7903.18993   18.192     0.01992
7903.20290   18.167     0.01905
7903.22906   18.203     0.02529
7903.24140   18.221     0.02791
7903.25368   18.206     0.02659
7903.27768   18.119     0.02934
7903.29064   18.182     0.03075
7903.30366   18.323     0.03743
7903.31521   18.269     0.04165
7903.96607   18.193     0.03969
7903.97752   18.277     0.05628
7903.98991   18.218     0.06198
7904.00852   18.340     0.04086
7904.02019   18.154     0.02798
7904.03343   18.297     0.03250
7904.04629   18.101     0.02930
7904.05842   18.461     0.03790
7904.07067   18.133     0.02549
7904.07301   18.135     0.02249
7904.08548   18.216     0.02587
7904.08716   18.218     0.02812
7904.10167   18.245     0.02744
7904.11591   18.201     0.02400
7904.12826   18.181     0.02784
7904.14179   18.185     0.02527
7904.16408   18.864     0.49809
7905.15702   18.265     0.02491
7905.17275   18.202     0.02610
7905.18469   18.163     0.02625
7905.19775   18.203     0.02625
7905.21032   18.194     0.02315
7905.22463   18.162     0.02210
7905.23760   18.260     0.02861
7905.25122   18.241     0.02926
7905.26515   18.124     0.02175
7905.28004   18.162     0.02310
7905.30099   18.299     0.02994
7905.31489   18.223     0.02598
7905.95853   18.183     0.02426
7905.97093   18.265     0.03922
7905.98314   18.181     0.02386
7905.99503   18.245     0.02255
7906.00845   18.211     0.02656
7906.02123   18.147     0.02754
7906.04837   18.165     0.02325
7906.06026   18.168     0.02259
7906.08269   18.163     0.02588
7906.09671   18.241     0.03482
7906.11199   18.197     0.03216
7906.12536   18.179     0.02248
7906.14387   18.169     0.02410
7906.15689   18.169     0.02499
7906.17009   18.188     0.03536
7906.18973   18.183     0.05154
7906.20169   18.408     0.04834
7906.22009   18.405     0.04667
7906.24143   18.221     0.03731
7906.25451   18.009     0.03582
7906.26745   18.331     0.04716
7906.27913   18.093     0.04069
7906.29185   18.139     0.03168
7906.30446   18.282     0.03579
7906.31835   18.068     0.03666
7906.96064   18.207     0.03335
7906.97226   18.099     0.02694
7906.98427   18.124     0.02767
7906.99739   18.206     0.02470
7907.01282   18.155     0.02445
7907.03297   18.256     0.02984
7907.04751   18.167     0.02413
7907.05918   18.210     0.02241
7907.07070   18.202     0.02058
7907.08262   18.270     0.02269
7907.10618   18.221     0.02553
7907.11784   18.137     0.01862
7907.13266   18.260     0.02085
7907.14521   18.169     0.01900
7907.15978   18.204     0.01964
7907.18146   18.281     0.02545
7907.19524   18.178     0.02264
7907.20712   18.206     0.02195
7907.22002   18.667     0.06660
7907.23305   18.218     0.02679
7907.24616   18.086     0.02663
7907.25752   18.388     0.03989
7907.26971   18.376     0.03724
7907.28432   18.175     0.03728
7907.29644   18.139     0.02639
7907.31580   18.152     0.02876
7907.95521   18.228     0.02819
7907.96660   18.149     0.02334
7907.98449   18.177     0.02268
7907.99647   18.188     0.02283
7908.01044   18.184     0.02016
7908.02196   18.192     0.02385
7908.03444   18.193     0.02363
7908.04631   18.216     0.02135
7908.05797   18.268     0.02242
7908.07227   18.236     0.01953
7908.09143   18.208     0.02433
7908.10317   18.238     0.02159
7908.11461   18.164     0.02297
7908.12639   18.202     0.02311
7908.14277   18.222     0.02213
7908.15602   18.180     0.02021
7908.16841   18.244     0.02196
7908.17992   18.187     0.02187
7908.19148   18.231     0.02188
7908.20598   18.256     0.02660
7908.21784   18.255     0.02818
7908.23746   18.226     0.02266
7908.24882   18.169     0.02184
7908.95042   18.088     0.02869
7908.96202   18.101     0.03341
7908.97348   18.213     0.03242
7908.98521   18.118     0.02519
7908.99684   18.188     0.02608
7909.00886   18.190     0.02295
7909.02419   18.222     0.02470
7909.03589   18.201     0.02558
7909.05626   18.156     0.02155
7909.06835   18.168     0.01972
7909.09893   18.177     0.01866
7909.11064   18.182     0.01756
7909.12090   18.170     0.02364
7909.13232   18.175     0.02464
7909.14480   18.184     0.01741
7909.15661   18.183     0.01854
7909.16837   18.268     0.02739
7909.18036   18.196     0.01987
7909.19901   18.221     0.01809
7909.21056   18.232     0.01818
7909.22261   18.207     0.01853
7909.23436   18.202     0.01716
7909.24577   18.208     0.01865
7909.25723   18.208     0.01868
7909.26932   18.176     0.01818
7909.28142   18.238     0.02241
7909.29305   18.230     0.02125
7909.30474   18.221     0.02144
7906.03518   18.206     0.02520
7907.09448   18.189     0.02005
7908.26068   18.205     0.02123
7909.95171   18.352     0.05320
7909.96310   18.122     0.03436
7909.97464   18.126     0.05188
7909.98598   18.610     0.11117
7910.00218   18.194     0.05225
7910.01345   18.283     0.07080
7910.02524   18.244     0.03057
7910.03718   18.216     0.03900
7910.04842   18.235     0.02732
7910.05997   18.205     0.02989
7910.07143   18.304     0.03722
7910.09030   18.208     0.02525
7910.10314   18.159     0.02547
7910.11495   18.296     0.03494
7910.12785   18.133     0.03020
7910.14135   18.231     0.02587
7910.15285   18.184     0.02537
7910.16428   18.080     0.02673
7910.17536   18.321     0.03782
7910.18711   18.155     0.03267
7910.19887   18.320     0.03565
7910.21723   18.180     0.02570
7910.22859   18.161     0.02663
7910.24012   18.241     0.03171
7910.25165   18.182     0.03955
7910.26333   17.964     0.03017
7910.27514   18.108     0.03976
7910.28623   18.347     0.04430
7910.29781   18.374     0.04788
7910.31023   22.070     1.87067
7910.31860   19.232     0.12846
7910.94262   13.575     0.28905
7910.95359   18.807     0.28060
7910.98365   18.260     0.05196
7910.99730   18.110     0.05620
7911.02029   18.155     0.04375
7911.03159   18.073     0.05874
7911.04273   18.613     0.08845
7911.05440   18.302     0.11691
7911.06631   18.282     0.04470
7911.07830   18.046     0.06880
7911.09706   18.188     0.03102
7911.10864   18.115     0.02799
7911.12050   18.261     0.02838
7911.13272   18.190     0.03153
7911.14605   18.219     0.03134
7911.15821   18.323     0.04037
7911.16975   18.151     0.03014
7911.18139   18.155     0.03179
7911.19276   18.220     0.03501
7911.20425   18.176     0.03324
7911.21533   18.212     0.03136
7911.23372   18.240     0.02945
7911.24537   18.130     0.02654
7911.25754   18.179     0.02949
7911.27044   18.262     0.03307
7911.28247   18.146     0.02836
7911.29410   18.154     0.02780
7911.30583   18.174     0.03165
7911.31433   18.456     0.04037
7912.00398   18.319     0.16832
7912.98253   18.250     0.04605
7915.01190   18.224     0.13271
7915.02316   18.234     0.09402
7915.03641   18.661     0.13936
7916.92751   18.016     0.03684
7916.95582   18.184     0.03516
7916.96708   18.204     0.03776
7916.97903   18.138     0.03363
7916.99059   18.143     0.03542
7917.00214   18.300     0.05860
7917.01346   18.090     0.07331
7917.02527   18.132     0.12172
7917.03729   18.180     0.39889
7917.06259   13.851     0.44993
7917.92450   18.086     0.02913
7917.93635   18.232     0.03483
7917.94806   18.266     0.03453
7917.96016   18.166     0.02426
7917.97234   18.171     0.02605
7917.99089   18.207     0.02675
7918.00197   18.210     0.02840
7918.01337   18.171     0.02198
7918.02539   18.190     0.02186
7918.03726   18.201     0.02232
7918.04851   18.216     0.02373
7918.06039   18.139     0.02178
7918.07204   18.190     0.02259
7918.08384   18.229     0.02432
7918.09610   18.232     0.03748
7918.10891   18.277     0.03852
7918.11907   18.150     0.02840
7918.13802   18.208     0.02565
7918.14957   18.196     0.02773
7918.16132   18.179     0.02417
7918.17312   18.162     0.02497
7918.19171   18.138     0.02720
7918.20349   18.149     0.02889
7918.21524   18.166     0.03168
7918.22695   18.189     0.02691
7918.23857   18.140     0.02971
7918.25743   18.177     0.02772
7918.26915   18.220     0.03227
7918.28026   18.280     0.03465
7918.29643   18.199     0.03955
7919.21582   18.211     0.02481
7919.22740   18.177     0.02373
7919.23899   18.193     0.02248
7919.25041   18.233     0.02334
7919.26202   18.186     0.02334
7919.27308   18.210     0.02860
7919.28459   18.149     0.02575
7920.06962   18.177     0.02417
7920.08135   18.156     0.07923
7920.10068   18.225     0.02548
7920.10202   18.272     0.03733
7920.11309   18.171     0.02666
7920.12491   18.176     0.03889
7920.13656   18.146     0.03309
7920.14809   18.241     0.03994
7920.15962   18.118     0.11868
7921.07781   18.211     0.03022
7921.09358   17.523     0.17677
7922.91063   18.250     0.02958
7922.92221   18.086     0.02682
7922.93362   18.106     0.02498
7922.94523   18.162     0.02485
7922.99099   18.161     0.02429
7923.00302   18.243     0.02554
7923.00880   18.197     0.02252
7923.02011   18.184     0.02517
7923.03254   18.236     0.02119
7923.04380   18.249     0.02703
7923.05547   18.122     0.02139
7923.06919   18.269     0.05761
7923.08166   18.256     0.02427
7923.95097   18.268     0.03167
7923.96255   18.227     0.03118
7923.97441   18.160     0.02503
7923.99271   18.219     0.02668
7924.00409   18.215     0.02610
7924.01567   18.208     0.02768
7924.02693   18.142     0.02362
7924.03830   18.178     0.02154
7924.04974   18.257     0.02439
7924.06153   18.162     0.02073
7924.07420   18.204     0.02042
7924.08558   18.231     0.02496
7924.09716   18.129     0.02312
7924.11533   18.233     0.02818
7924.12711   18.218     0.02294
7924.13965   18.184     0.03066
7924.15210   18.223     0.02701
7924.16516   18.220     0.02284
7924.17665   18.241     0.02337
7924.18801   18.219     0.02071
7924.19970   18.208     0.02265
7924.21145   18.192     0.02468
7924.22374   18.227     0.02499
7924.90488   18.184     0.03399
7924.92370   18.191     0.03308
7924.93530   18.172     0.02581
7924.94702   18.128     0.02408
7924.95830   18.165     0.02295
7924.97137   18.197     0.02372
7924.98312   18.187     0.02136
7924.99612   18.168     0.01948
7925.00771   18.243     0.01998
7925.01930   18.159     0.01839
7925.03375   18.193     0.01775
7925.05250   18.196     0.01917
7925.06415   18.265     0.01927
7925.07626   18.173     0.01751
7925.08811   18.180     0.02508
7925.10142   18.196     0.01893
7925.11304   18.248     0.02302
7925.12451   18.207     0.02340
7925.13650   18.147     0.02235
7925.14807   18.162     0.02301
7925.16021   18.223     0.02125
7925.17175   18.179     0.03337
7925.18994   18.161     0.03117
7925.20186   18.244     0.03175
7925.21333   18.164     0.03008
7925.22594   18.159     0.03299
7925.23948   18.270     0.03526
7925.25137   18.320     0.03807
7925.26313   18.282     0.03602
7925.27609   18.182     0.03736
7925.90278   18.368     0.03600
7925.91433   17.708     0.02753
7925.92603   18.475     0.05116
7925.93769   18.392     0.03670
7925.95631   18.363     0.03550
7925.96772   18.080     0.03269
7925.98231   17.997     0.07650
7925.98384   18.203     0.03659
7925.99548   18.036     0.03016
7926.00741   18.202     0.04389
7926.01951   17.957     0.04491
7926.03330   18.368     0.03372
7926.04493   18.152     0.03967
7926.05630   18.259     0.03592
7926.06793   18.254     0.02938
7926.08687   18.166     0.03680
7926.09863   17.933     0.04208
7926.11048   18.352     0.04363
7926.12175   18.121     0.03181
7926.13405   18.446     0.04653
7926.14586   18.212     0.04332
7926.16243   18.256     0.03966
7926.17217   18.538     0.06125
7926.18788   17.937     0.02836
7926.19209   18.033     0.03282
7926.20418   18.208     0.03933
7926.22260   18.538     0.05575
7926.23424   18.194     0.03742
7926.24582   18.283     0.03527
7926.25744   18.290     0.04371
7926.26976   17.814     0.02660
7926.91574   18.220     0.02599
7926.92706   18.232     0.02669
7926.94342   18.207     0.02262
7926.95998   18.228     0.02324
7926.97132   18.202     0.02588
7926.98282   18.190     0.02266
7926.99429   18.169     0.02290
7927.01346   18.208     0.02179
7927.02637   18.260     0.02507
7927.03826   18.174     0.02652
7927.05018   18.239     0.02486
7927.06162   18.195     0.02311
7927.07335   18.190     0.02899
7927.09704   18.249     0.02425
7927.10889   18.209     0.06773
7927.12130   18.481     0.54492
7927.13294   18.242     0.02278
7927.13568   18.156     0.02844
7927.14609   19.458     1.24245
7927.16563   18.039     0.08772
7927.17802   18.247     0.02302
7927.18981   18.183     0.02493
7927.20156   18.168     0.01912
7927.21334   18.239     0.02190
7927.22504   18.838     0.34950
7927.23660   18.228     0.08311
7927.24829   18.197     0.07466
7927.26597   18.490     0.19489
7927.91417   18.207     0.02986
7927.93124   18.792     0.31382
7927.94834   18.205     0.03191
7927.96561   18.096     0.37122
7927.98331   19.855     1.26212
7928.00018   18.238     0.03195
7928.01752   18.190     0.05930
7928.03516   17.869     0.21241
7928.14860   18.520     0.19764
7928.89189   18.118     0.03683
7928.89336   18.233     0.03293
7928.89479   18.039     0.02754
7928.91661   18.268     0.02969
7928.94214   18.298     0.02904
7928.96022   18.153     0.02306
7928.97744   18.444     1.13713
7928.99480   19.113     0.50879
7929.01249   18.234     0.02832
7929.03058   18.167     0.02553
7929.90662   18.169     0.04261
7929.92342   18.046     0.02910
7929.94214   18.196     0.02626
7929.95944   18.274     0.02491
7929.98987   18.269     0.02977
7929.99267   18.163     0.02598
7930.00911   17.849     0.06478
7930.02948   18.248     0.07108
7930.04776   18.156     0.02131
7930.10367   18.093     0.03644
7930.12188   18.091     0.05586
7930.15883   18.130     0.02502
7930.17607   18.204     0.02109
7930.19309   18.215     0.02063
7930.21513   18.181     0.02072
7930.24092   18.260     0.02524
7930.25823   18.277     0.02883
7930.88720   18.268     0.03079
7930.88856   18.200     0.02547
7930.90458   18.364     0.03682
7930.92267   18.210     0.02922
7930.94087   18.092     0.02354
7930.95860   18.203     0.02337
7930.97596   18.155     0.02423
7930.99325   18.201     0.02307
7931.01049   18.263     0.02544
7931.02803   18.231     0.02588
7931.06173   18.256     0.02662
7931.08449   18.160     0.02257
7931.10371   18.180     0.01963
7931.12316   18.188     0.02014
7931.14129   18.226     0.02903
7931.15867   18.193     0.11023
7931.17594   18.229     0.04914
7931.19606   18.260     0.08509
7931.21402   18.203     0.03641
7931.23418   18.158     0.02966
7931.25504   18.128     0.19953
7934.03183   18.073     0.02419
7934.05232   18.238     0.02580
7934.07284   18.352     0.02950
7934.09223   18.175     0.02487
7934.11094   18.168     0.02278
7934.13088   18.174     0.02489
7934.15102   18.123     0.02344
7934.16999   18.153     0.02546
7934.89730   18.237     0.02716
7934.91552   18.158     0.02413
7934.94542   18.187     0.02277
7934.96857   18.133     0.02059
7934.98740   18.195     0.02251
7935.00736   18.181     0.02214
7935.02600   18.200     0.02409
7935.04616   18.325     0.02868
7935.06794   18.220     0.02135
7935.08698   18.266     0.02368
7935.10533   18.238     0.03172
7935.12349   18.182     0.02138
7935.14682   18.317     0.02556
7935.17639   18.315     0.02849
7935.19867   18.175     0.02641
7935.21807   18.215     0.02658
7935.23387   18.129     0.02369
7935.87699   18.250     0.03020
7935.91750   18.211     0.02726
7935.95689   18.145     0.02201
7935.97562   18.192     0.02163
7935.99297   18.200     0.02265
7936.01129   18.181     0.01970
7936.04090   18.161     0.01854
7936.06103   18.184     0.02127
7936.08184   18.172     0.01888
7936.10000   18.163     0.02280
7936.11951   18.208     0.01924
7936.13837   18.167     0.01978
7936.15636   18.181     0.01805
7936.19386   18.182     0.02004
7936.21407   18.203     0.01994
7936.88660   18.216     0.03458
7936.91123   18.394     0.03437
7936.92917   18.253     0.02645
7936.94809   18.211     0.02345
7936.97001   18.310     0.02589
7936.98870   18.205     0.02035
7937.00693   18.191     0.02220
7937.02538   18.179     0.01995
7937.04745   18.228     0.02290
7937.07099   18.170     0.02135
7937.09443   18.163     0.02110
7937.12279   18.179     0.02397
7937.14150   18.186     0.03266
7937.16061   18.180     0.02562
7937.18001   18.074     0.02496

