7805.87179   17.911     0.01795
7805.88926   17.905     0.01760
7806.85900   17.951     0.01528
7806.87609   17.958     0.01536
7807.83988   18.006     0.01905
7807.85852   17.963     0.01659
7807.88747   18.017     0.01732
7808.83357   18.016     0.01982
7808.85719   18.064     0.01838
7808.87540   15.033     0.35156
7808.89395   13.712     0.17129
7809.84218   18.043     0.01901
7809.86058   18.032     0.01830
7809.87933   17.988     0.01585
7810.84143   18.037     0.01898
7810.86870   18.013     0.01888
7810.88902   18.040     0.01518
7811.83259   18.051     0.01655
7811.85727   18.100     0.01719
7811.87570   18.069     0.02073
7812.82811   18.067     0.01584
7812.85879   18.076     0.01549
7812.87924   18.075     0.01658
7813.81459   18.121     0.01846
7813.84346   18.102     0.01737
7813.86174   18.143     0.01663
7813.89439   18.103     0.01808
7814.84516   18.082     0.01569
7814.86436   18.076     0.02343
7814.88410   18.089     0.03588
7815.83436   18.127     0.02379
7815.83585   18.142     0.01896
7815.86458   18.142     0.01619
7815.88256   18.133     0.01528
7816.84268   18.151     0.01655
7816.85968   18.092     0.01528
7816.87804   18.118     0.01626
7817.83109   18.137     0.02078
7817.85634   18.157     0.01983
7817.87353   18.125     0.01782
7817.89208   18.165     0.01988
7819.81500   18.123     0.02130
7819.83708   18.158     0.02045
7819.86021   18.137     0.02572
7819.88535   18.127     0.01379
7820.82150   18.162     0.01753
7820.83866   18.131     0.01704
7820.85919   18.125     0.01489
7821.82209   18.135     0.01964
7821.84110   18.154     0.01808
7821.86198   18.164     0.01538
7821.88279   18.121     0.01821
7822.80856   18.141     0.02146
7822.84101   18.195     0.01941
7822.86297   18.161     0.01652
7822.88066   18.138     0.01644
7822.88224   18.151     0.01519
7822.89997   18.125     0.01562
7823.79491   18.134     0.02279
7823.81390   18.153     0.01927
7823.83634   18.166     0.01897
7823.86563   18.153     0.01759
7823.88509   18.166     0.01813
7823.90295   18.178     0.01622
7824.78933   18.194     0.02918
7824.81052   18.130     0.02338
7824.83356   18.147     0.01971
7824.86040   18.185     0.01839
7824.87973   18.172     0.01821
7824.89822   18.165     0.01788
7826.77757   18.192     0.02260
7826.80039   18.105     0.02035
7826.82095   18.167     0.06208
7826.85353   18.153     0.01860
7826.87345   18.165     0.02430
7826.89427   18.154     0.01737
7827.78318   18.161     0.02136
7827.80176   18.184     0.02273
7827.83167   18.189     0.02043
7827.85180   18.180     0.02598
7827.87069   18.139     0.01749
7827.88978   18.175     0.01769
7827.90932   18.207     0.01844
7828.77517   18.227     0.02090
7828.79672   18.214     0.02113
7828.82598   18.189     0.01929
7828.84453   18.164     0.01856
7828.86210   18.127     0.02220
7828.88206   18.192     0.02200
7828.90339   18.165     0.01490
7829.77578   18.122     0.01937
7829.80105   18.190     0.02164
7829.81964   18.209     0.02366
7829.83735   18.185     0.01792
7829.85465   18.160     0.02376
7829.87207   18.130     0.01571
7829.90264   18.194     0.02051
7830.76514   18.195     0.02511
7830.78206   18.175     0.02013
7830.79951   18.182     0.01949
7830.82041   18.171     0.02124
7830.83799   18.189     0.03292
7830.86916   18.157     0.02911
7830.88749   18.198     0.01598
7830.90495   18.176     0.01596
7831.77573   18.193     0.02645
7831.79843   18.424     0.04311
7831.79979   18.202     0.02753
7831.81772   18.203     0.02182
7831.83890   18.188     0.01954
7831.86683   18.193     0.01906
7831.88866   18.153     0.02748
7832.78300   18.151     0.03016
7832.80167   18.187     0.03842
7832.82415   18.105     0.06039
7832.86815   18.183     0.03386
7832.88568   18.216     0.02772
7832.90326   18.250     0.02636
7833.76196   18.221     0.02222
7833.78135   18.168     0.01975
7833.80255   18.183     0.01930
7833.83483   18.123     0.01933
7833.85210   18.167     0.01991
7833.86981   18.204     0.01862
7833.88831   18.214     0.01809
7834.75881   18.208     0.01892
7834.78405   18.207     0.01961
7834.81217   18.149     0.01787
7834.83567   18.184     0.01652
7834.85397   18.184     0.01542
7834.87201   18.178     0.01528
7834.89337   18.199     0.01553
7835.75561   18.189     0.01667
7835.78391   18.162     0.01554
7835.80551   18.154     0.01778
7835.82553   18.168     0.01759
7835.84619   18.223     0.01622
7835.86705   18.158     0.01735
7835.90087   18.192     0.01658
7836.76041   18.179     0.02167
7836.78309   18.192     0.02001
7836.82350   18.189     0.01805
7836.85513   18.213     0.01630
7836.87620   18.192     0.02022
7836.89945   18.191     0.01579
7837.75693   18.159     0.01765
7837.77715   18.143     0.01875
7837.79837   18.146     0.02159
7837.82565   18.220     0.02485
7837.85494   18.182     0.02078
7837.87840   18.188     0.02036
7837.89763   18.215     0.02040
7837.91742   18.175     0.02398
7838.75214   18.179     0.01880
7838.77672   18.204     0.01873
7838.81145   18.174     0.01773
7838.83135   18.181     0.01614
7838.85304   18.225     0.01596
7838.87303   18.202     0.01645
7838.89396   18.197     0.01590
7838.90503   18.196     0.01680
7839.76546   18.176     0.01779
7839.79654   18.201     0.01648
7839.81385   18.145     0.03616
7839.83431   18.165     0.01877
7839.85307   18.175     0.02967
7839.88357   18.162     0.01305
7839.90230   18.177     0.01629
7840.74023   18.202     0.01863
7840.76089   18.191     0.01600
7840.78115   18.172     0.01727
7840.80604   18.200     0.01509
7840.83448   18.202     0.01452
7840.85532   18.202     0.01489
7840.87545   18.171     0.01440
7840.89847   18.181     0.01493
7841.75583   18.171     0.01934
7841.78573   18.212     0.01703
7841.80756   18.220     0.02287
7841.83094   18.138     0.01841
7841.85262   18.197     0.01798
7841.86124   18.173     0.01796
7841.88791   18.179     0.01767
7841.91919   18.182     0.02221
7842.74088   18.147     0.01895
7842.75979   18.185     0.01798
7842.78211   18.206     0.01627
7842.80078   18.183     0.01542
7842.82000   18.091     0.01721
7842.85034   18.191     0.01646
7842.87752   18.161     0.01826
7842.89617   18.227     0.01604
7843.74874   18.138     0.01597
7843.76832   18.213     0.01589
7843.79453   18.195     0.01518
7843.81962   18.195     0.01642
7843.82125   18.192     0.01492
7843.86108   18.186     0.01526
7843.87974   18.203     0.01594
7843.91072   18.191     0.01941
7844.74008   18.225     0.02252
7844.76648   18.105     0.02038
7844.79190   18.206     0.02148
7844.81000   18.194     0.01758
7844.82706   18.227     0.01939
7844.84688   18.155     0.01687
7844.87609   18.167     0.02063
7844.89619   18.161     0.01826
7845.74146   18.162     0.01881
7845.76061   18.220     0.01814
7845.78080   18.204     0.01726
7845.79893   18.223     0.02386
7845.83088   18.218     0.01588
7845.84916   18.161     0.01554
7845.87587   18.197     0.01735
7845.89998   18.178     0.01436
7846.72813   18.186     0.01899
7846.74565   18.196     0.01914
7846.76854   18.160     0.01885
7846.79495   18.147     0.01602
7846.81541   18.167     0.01577
7846.83215   17.893     0.05291
7846.83487   18.203     0.01921
7846.85509   18.177     0.01599
7846.88102   18.203     0.01566
7846.90524   18.223     0.01570
7847.72493   18.294     0.02867
7847.76760   18.251     0.01930
7847.78535   18.185     0.01677
7847.80561   18.195     0.01711
7847.83025   18.216     0.02000
7847.85064   18.186     0.01853
7847.88071   18.210     0.01437
7847.89888   18.201     0.01714
7848.73332   18.194     0.01712
7848.75213   18.213     0.01701
7848.77072   18.230     0.02116
7848.79302   18.183     0.01585
7848.81775   18.212     0.01651
7848.84520   18.201     0.01523
7848.86717   18.181     0.01516
7848.88443   18.168     0.01470
7848.90646   18.211     0.01761
7849.71616   18.187     0.02043
7849.76538   18.173     0.01850
7849.78366   18.174     0.01508
7849.80360   18.196     0.01537
7849.83869   18.186     0.01628
7849.86151   18.177     0.01568
7849.89194   18.171     0.01317
7849.91211   18.191     0.01338
7850.71293   18.201     0.02152
7850.73195   18.209     0.02096
7850.75049   18.194     0.01839
7850.77009   18.196     0.01692
7850.80048   18.191     0.01686
7850.81916   18.209     0.01657
7850.83773   18.198     0.01718
7850.85721   18.200     0.01874
7850.87911   18.209     0.01905
7850.90541   18.176     0.01599
7851.71178   18.288     0.02848
7851.74706   18.168     0.02135
7851.76750   18.207     0.02106
7851.78874   18.186     0.02027
7851.80953   18.195     0.02009
7851.83563   18.161     0.01830
7851.86783   18.192     0.01716
7851.88818   18.208     0.01707
7851.91040   18.192     0.02063
7851.92142   18.198     0.02442
7852.71940   18.180     0.03441
7852.74049   18.228     0.03098
7852.76180   18.046     0.02408
7852.79813   18.209     0.02521
7852.81885   18.142     0.02079
7852.83885   18.247     0.02234
7852.85911   18.174     0.01966
7852.88091   18.275     0.02290
7852.91524   18.199     0.02143
7853.72681   18.000     0.03989
7853.74596   18.224     0.03161
7853.76438   18.495     0.04794
7853.78272   18.233     0.02891
7853.80220   18.237     0.02842
7853.83442   18.187     0.02274
7853.86367   18.273     0.02702
7853.88950   18.283     0.02826
7853.91267   18.176     0.02470
7854.73284   18.150     0.02339
7854.75924   18.180     0.02127
7854.76106   18.258     0.02444
7854.79200   18.238     0.01791
7854.81277   18.215     0.01932
7854.83334   18.213     0.02479
7854.85514   18.206     0.02250
7854.89023   18.201     0.02020
7854.91323   18.192     0.01685
7855.70955   18.191     0.02050
7855.73032   18.221     0.02318
7855.75036   18.218     0.02089
7855.78097   18.191     0.02117
7855.79980   18.184     0.01850
7855.81888   18.200     0.01852
7855.83736   18.184     0.01559
7855.85546   18.172     0.02235
7855.87837   18.212     0.01704
7855.90567   18.223     0.01916
7856.70819   18.245     0.04299
7856.72706   18.241     0.03416
7856.74435   18.198     0.03420
7856.77373   18.147     0.02473
7856.79198   18.192     0.02259
7856.80923   18.189     0.02523
7856.82819   18.211     0.02063
7856.84594   18.272     0.02526
7856.86805   18.192     0.01719
7856.89613   18.251     0.02310
7856.91431   18.177     0.01804
7858.70442   18.196     0.03591
7858.72220   18.188     0.02879
7858.74356   18.123     0.02536
7858.76818   18.250     0.03979
7858.78511   18.211     0.03193
7858.80332   18.299     0.04108
7858.82207   18.206     0.02446
7858.83942   18.241     0.02366
7858.86797   18.192     0.02218
7858.88593   18.183     0.02293
7858.90745   18.306     0.09005
7862.69666   18.151     0.02299
7862.71579   18.242     0.02387
7862.74539   18.151     0.01734
7862.76322   18.177     0.01991
7862.78229   18.182     0.01948
7862.79964   18.197     0.01750
7862.81704   18.164     0.01614
7862.83858   18.224     0.02005
7862.86457   18.180     0.08084
7862.88324   18.232     0.02714
7862.90127   18.029     0.07328
7862.91850   18.261     0.02041
7863.68416   18.216     0.01510
7863.72673   18.160     0.01404
7863.74545   18.182     0.02462
7863.76411   18.228     0.02122
7863.78331   18.199     0.04697
7863.80337   18.138     0.34273
7863.83505   18.194     0.03108
7863.85634   18.196     0.01546
7863.87828   18.138     0.04809
7863.89804   18.113     0.19771
7863.92568   18.168     0.02384
7864.67336   18.184     0.01679
7864.67557   18.217     0.01909
7864.69554   18.171     0.02117
7864.72013   18.205     0.01558
7864.74854   18.186     0.01453
7864.76997   18.196     0.01501
7864.79383   18.187     0.01461
7864.81502   18.173     0.01747
7864.83511   18.260     0.03088
7864.86024   18.187     0.01731
7864.88928   18.159     0.02125
7864.91093   18.173     0.01942
7864.93076   18.184     0.01975
7865.67306   18.181     0.01902
7865.69494   18.230     0.02051
7865.71697   18.238     0.01657
7865.75215   18.205     0.01779
7865.77520   18.193     0.02079
7865.79574   18.198     0.01437
7865.83687   18.188     0.01456
7865.87199   18.180     0.01737
7865.90500   18.215     0.01749
7865.92878   18.207     0.01930
7866.71130   18.178     0.01543
7866.73541   18.195     0.02211
7866.75944   18.196     0.01655
7866.77971   18.172     0.03402
7866.78948   18.167     0.01852
7866.81619   18.204     0.01600
7866.84740   18.249     0.03627
7866.86962   18.185     0.01855
7866.88933   18.188     0.02921
7866.90801   18.214     0.01678
7866.92668   18.183     0.01726
7867.66843   18.196     0.01720
7867.70047   18.194     0.01661
7867.73520   18.176     0.01627
7867.76052   18.159     0.01814
7867.78551   18.209     0.01587
7867.80680   18.169     0.01472
7867.82695   18.211     0.01429
7867.85086   18.210     0.02414
7867.88550   18.182     0.01356
7867.90514   18.204     0.01427
7867.92354   18.175     0.01701
7868.78727   18.519     0.25670
7868.81354   18.144     0.02024
7868.84538   18.200     0.02199
7868.88731   18.145     0.01946
7868.90673   18.232     0.02539
7868.92523   18.216     0.02139
7869.66541   18.195     0.02179
7869.68812   18.172     0.01875
7869.71608   18.251     0.01681
7869.74319   18.180     0.01656
7869.75293   18.187     0.01696
7869.78662   18.236     0.01817
7869.81094   18.202     0.01552
7869.83192   18.167     0.02067
7869.88411   18.195     0.01648
7869.91139   18.186     0.01562
7869.93000   18.215     0.01914
7870.65864   18.149     0.01687
7870.68030   18.173     0.01592
7870.69733   18.189     0.01700
7870.71638   18.245     0.02078
7870.74479   18.198     0.01883
7870.76242   18.181     0.01434
7870.77981   18.193     0.01710
7870.79747   18.205     0.01576
7870.81754   18.221     0.02183
7870.85223   18.235     0.02050
7870.86988   18.228     0.01875
7870.89065   18.190     0.01981
7870.91076   18.196     0.01674
7870.92863   18.193     0.02022
7871.66972   18.218     0.01729
7871.69599   18.186     0.01761
7871.71410   18.206     0.01739
7871.73219   18.188     0.01509
7871.75049   18.212     0.01732
7871.77153   18.195     0.01820
7871.79815   18.210     0.01513
7871.81549   18.190     0.01839
7871.83388   18.165     0.01435
7871.85370   18.234     0.01820
7871.87138   18.204     0.01519
7871.90273   18.201     0.01582
7871.92225   18.202     0.01890
7871.93998   18.217     0.05337
7873.65350   18.185     0.01949
7873.69183   18.197     0.01587
7873.70911   18.225     0.01672
7873.72617   18.210     0.01796
7873.74495   18.191     0.01710
7873.76437   18.220     0.01726
7873.79370   18.175     0.01617
7873.81198   18.219     0.01585
7873.82986   18.192     0.02009
7873.84823   18.204     0.01751
7873.86567   18.188     0.02099
7873.88710   18.207     0.01800
7873.91781   18.251     0.01708
7874.65214   18.173     0.02109
7874.67067   18.149     0.01988
7874.68780   18.179     0.02426
7874.70875   18.179     0.02251
7874.73519   18.165     0.01690
7874.75255   18.185     0.01796
7874.77023   18.239     0.01968
7874.78899   18.224     0.01953
7874.80787   18.211     0.01875
7874.83970   18.235     0.02036
7874.85701   18.246     0.02408
7874.87524   18.179     0.02137
7874.89217   18.199     0.02081
7874.90970   18.200     0.01960
7875.65184   18.244     0.05873
7875.66903   18.167     0.03411
7875.68633   18.149     0.04084
7875.70716   18.168     0.06730
7875.74462   18.135     0.08553
7875.77407   17.227     0.45356
7875.79454   18.005     0.07777
7875.81826   18.216     0.04648
7875.83729   18.226     0.12067
7875.85900   18.198     0.04631
7875.88300   18.080     0.14675
7875.90113   16.360     0.49918
7876.67456   18.226     0.02006
7876.69275   18.190     0.01761
7876.74293   18.209     0.01685
7876.76083   18.172     0.01905
7876.77868   18.202     0.01693
7876.79633   18.215     0.01557
7876.82559   18.220     0.03028
7876.84405   18.214     0.02012
7876.86248   18.176     0.01473
7876.88078   18.181     0.02096
7876.89985   18.206     0.01756
7876.92242   18.223     0.02098
7877.68496   18.186     0.02002
7877.70520   18.212     0.01799
7877.73125   18.229     0.01631
7877.76112   18.228     0.01539
7877.78138   18.197     0.01603
7877.80035   18.220     0.01703
7877.82194   18.222     0.01955
7877.84774   18.245     0.01865
7877.88234   18.202     0.01668
7877.90438   18.190     0.01738
7877.92549   18.191     0.02123
7878.65077   18.161     0.01948
7878.67301   18.220     0.02201
7878.69218   18.210     0.02016
7878.72271   18.215     0.02054
7878.74188   18.215     0.01976
7878.76130   18.184     0.02739
7878.78139   18.215     0.02286
7878.80036   18.211     0.02449
7878.82327   18.195     0.01854
7878.85205   18.216     0.01721
7878.87047   18.214     0.01805
7878.88932   18.172     0.02082
7878.90870   18.252     0.02060
7878.92732   18.171     0.01933
7879.64928   18.134     0.02881
7879.67842   18.224     0.03179
7879.69919   18.209     0.02197
7879.71850   18.293     0.02303
7879.73747   18.207     0.01932
7879.75701   18.166     0.02173
7879.78968   18.218     0.01978
7879.81087   18.188     0.01714
7879.83977   18.202     0.01576
7879.88229   18.196     0.02088
7879.90209   18.258     0.02225
7879.93443   18.162     0.02131
7880.63219   18.263     0.03715
7880.65341   18.277     0.03939
7880.67371   18.304     0.03325
7880.69431   18.214     0.02837
7880.71291   18.162     0.02262
7880.73611   18.316     0.02991
7880.77246   18.277     0.02930
7882.63909   18.204     0.02355
7882.66210   18.162     0.02733
7882.68399   18.177     0.02231
7882.71098   18.379     0.16377
7882.75417   18.183     0.02136
7882.77538   17.875     0.18098
7882.79641   18.038     0.10140
7882.84075   18.200     0.02122
7882.87341   18.233     0.01875
7882.89592   18.202     0.01806
7882.93762   18.196     0.02399
7883.62340   18.306     0.03978
7883.62529   18.283     0.03541
7883.64742   18.336     0.03842
7883.67378   18.227     0.03486
7883.70149   18.285     0.03460
7883.72194   18.276     0.03608
7883.74340   18.277     0.03205
7883.76390   18.258     0.03210
7883.79138   18.227     0.03059
7883.81902   18.386     0.04041
7883.84066   18.181     0.02702
7883.86158   18.198     0.02716
7883.88155   18.191     0.12522
7887.61650   18.163     0.06080
7887.63341   18.190     0.07485
7887.77190   18.345     0.09867
7887.79025   18.138     0.05846
7887.80850   18.267     0.07168
7887.82627   18.211     0.05475
7887.84360   18.358     0.07337
7887.87167   18.209     0.09007
7887.89004   18.059     0.07232
7887.91046   18.198     0.06054
7887.92845   18.087     0.06648
7888.62511   18.161     0.04113
7888.64218   18.223     0.03671
7888.66132   18.204     0.04381
7888.66706   18.241     0.04098
7888.69167   18.162     0.03533
7888.70891   18.179     0.03038
7888.72658   18.112     0.03002
7888.74417   18.250     0.02967
7888.77016   18.253     0.03047
7888.79475   18.205     0.02993
7888.81362   18.211     0.02645
7888.83147   18.153     0.02467
7888.84844   18.223     0.02714
7888.86633   18.185     0.02983
7888.88407   18.173     0.02521
7888.91312   18.265     0.03011
7888.93078   18.179     0.03619
7889.61846   18.308     0.03573
7889.63639   18.186     0.02542
7889.65522   18.311     0.02576
7889.68569   18.177     0.02420
7889.70276   18.204     0.02617
7889.72038   18.258     0.02378
7889.73791   18.202     0.02106
7889.75517   18.175     0.01942
7889.77621   18.220     0.01994
7889.80094   18.286     0.07380
7889.81882   18.212     0.02002
7889.83665   18.182     0.01857
7889.85462   18.275     0.02498
7889.87996   18.204     0.02261
7889.90572   18.153     0.02351
7889.92437   18.191     0.02585
7889.94230   18.211     0.03642
7890.61983   18.154     0.02315
7890.64097   18.199     0.02020
7890.68657   18.188     0.01876
7890.70534   18.189     0.01908
7890.72296   18.190     0.02054
7890.74199   18.216     0.02118
7890.76455   18.171     0.01928
7890.79529   18.192     0.02077
7890.81455   18.215     0.01836
7890.83270   18.238     0.01913
7890.85147   18.195     0.02132
7890.86807   18.197     0.02132
7890.88963   18.144     0.02143
7890.91905   18.246     0.02529
7890.93731   18.224     0.02635
7893.60794   18.132     0.02548
7893.62718   18.231     0.02285
7893.65267   18.211     0.01929
7893.68104   18.182     0.01927
7893.69983   18.159     0.02179
7893.71957   18.170     0.01710
7893.74180   18.168     0.01851
7893.76167   18.173     0.02242
7893.79608   18.218     0.02024
7893.81771   18.147     0.01717
7893.85353   18.176     0.02107
7893.87440   18.196     0.01911
7893.89409   18.197     0.01937
7893.91454   18.183     0.02023
7893.94138   18.134     0.03163
7894.59656   18.206     0.02251
7894.62131   18.151     0.01841
7894.64992   18.187     0.01727
7894.67147   18.206     0.01841
7894.69239   18.232     0.01629
7894.71201   18.189     0.01699
7894.73516   18.178     0.01512
7894.78305   18.209     0.01784
7894.80402   18.219     0.01670
7894.82639   18.161     0.02676
7894.82797   18.155     0.01708
7894.84791   18.226     0.01690
7894.86523   18.199     0.01745
7894.89667   18.238     0.01890
7894.92244   18.213     0.01840
7895.60363   18.181     0.02316
7895.62398   18.205     0.02937
7895.64528   18.171     0.02366
7895.66865   18.218     0.01886
7895.69595   18.236     0.02876
7895.71593   18.313     0.06567
7895.73582   18.198     0.02284
7895.75630   18.153     0.02750
7895.78007   18.206     0.02504
7895.81136   18.151     0.03832
7895.83125   18.223     0.09523
7895.85033   18.282     0.06292
7895.86922   18.182     0.02748
7895.88873   18.302     0.03776
7895.90961   18.197     0.23539
7895.91256   18.051     0.10817
7896.68332   17.956     0.28085
7896.70488   18.195     0.01956
7896.72792   18.219     0.04026
7896.77196   18.212     0.01561
7901.57571   18.205     0.03748
7901.57717   18.420     0.05707
7901.59339   18.188     0.02613
7901.61100   18.256     0.02245
7901.62828   18.179     0.01844
7901.64695   18.174     0.01731
7901.66805   18.151     0.01753
7901.69560   18.184     0.02107
7901.71646   18.238     0.02616
7901.73411   18.171     0.01850
7901.75263   18.287     0.02079
7901.77486   18.181     0.02082
7901.80174   18.203     0.02310
7901.81961   18.155     0.02152
7901.84030   18.235     0.05590
7901.85747   17.986     0.29134
7902.59678   18.158     0.02796
7902.61541   18.173     0.01990
7902.63310   18.182     0.02143
7902.65725   18.176     0.01887
7902.67764   18.239     0.01853
7902.70736   18.132     0.02400
7902.72474   18.216     0.01915
7902.74384   18.203     0.01722
7902.76749   18.232     0.05024
7902.78562   17.845     0.26294
7903.58344   18.251     0.02823
7903.60868   18.201     0.02236
7903.63027   18.140     0.02138
7903.64906   18.197     0.01970
7903.66805   18.134     0.02053
7903.69330   18.212     0.02329
7903.72357   18.178     0.02158
7903.76916   18.219     0.04475
7903.78654   18.219     0.02104
7903.80420   18.195     0.01816
7903.83258   18.170     0.01964
7903.83402   18.204     0.01976
7903.85167   18.170     0.01747
7903.86877   18.207     0.01727
7903.88628   18.201     0.02441
7903.90746   18.192     0.02057
7903.93562   18.247     0.03917
7904.57427   18.129     0.02133
7904.59240   18.165     0.01837
7904.61047   18.181     0.01622
7904.62858   18.197     0.01671
7904.64662   18.197     0.01553
7904.67012   18.192     0.01513
7904.69641   18.239     0.01643
7904.71769   18.194     0.02567
7904.73543   18.209     0.01828
7904.75379   18.225     0.01503
7904.77539   18.202     0.01720
7904.80555   18.186     0.01650
7904.82319   18.215     0.01715
7904.84101   18.195     0.01745
7904.85840   18.149     0.01877
7904.87646   18.217     0.02002
7904.90618   18.241     0.02201
7904.92611   18.150     0.03659
7905.58038   18.242     0.02700
7905.61976   18.196     0.01874
7905.64502   18.200     0.01955
7905.66352   18.189     0.01740
7905.68189   18.153     0.01722
7905.70379   18.236     0.01787
7905.72553   18.171     0.01591
7905.75344   18.190     0.01820
7905.78138   18.196     0.01711
7905.80242   18.260     0.02223
7905.82326   18.245     0.01927
7905.84299   18.190     0.02057
7905.86379   18.173     0.02196
7905.88800   18.225     0.01953
7905.92909   18.186     0.02359
7906.57533   18.258     0.02601
7906.59455   18.201     0.02423
7906.61678   18.140     0.02106
7906.63918   18.213     0.01773
7906.67322   18.188     0.01762
7906.69473   18.208     0.01506
7906.71463   18.196     0.01767
7906.73399   18.211     0.02404
7906.75466   18.196     0.02050
7906.77703   18.202     0.02026
7906.80095   18.204     0.01827
7906.82736   18.166     0.02029
7906.84564   18.192     0.01876
7906.86842   18.203     0.02354
7906.89457   18.213     0.02004
7906.91764   18.201     0.02150
7906.94182   18.191     0.05996
7907.56120   18.181     0.03109
7907.58180   18.169     0.05420
7907.60180   18.148     0.02666
7907.62099   18.187     0.02449
7907.64048   18.209     0.02089
7907.67255   18.160     0.02431
7907.69116   18.171     0.02500
7907.71255   18.182     0.03276
7907.73251   18.167     0.03349
7907.75130   18.150     0.03283
7907.79063   18.201     0.01662
7907.80932   18.195     0.01784
7907.82791   18.200     0.02305
7907.84772   18.133     0.09038
7907.87947   18.206     0.01915
7907.90267   18.178     0.01916
7907.93170   18.255     0.02984
7908.63560   18.207     0.01950
7908.65471   18.190     0.01951
7908.67530   18.185     0.01678
7908.69435   18.199     0.01831
7908.71855   18.198     0.01744
7908.74773   18.158     0.01710
7908.76729   18.155     0.01688
7908.78622   18.245     0.02450
7908.80472   18.205     0.01585
7908.80677   18.203     0.01553
7908.82755   18.189     0.01659
7908.82903   18.188     0.01773
7908.86228   18.206     0.01700
7908.88146   18.226     0.01848
7908.90096   18.194     0.01975
7908.92032   18.218     0.02538
7908.93778   18.166     0.02904
7866.68771   18.173     0.01686
7869.85702   18.206     0.01532
7872.65661   18.165     0.01859
7872.67406   18.230     0.02234
7872.69131   18.206     0.01757
7872.71994   18.168     0.01758
7872.73749   18.200     0.01635
7872.75562   18.162     0.01647
7872.77639   18.194     0.01556
7872.79492   18.218     0.02305
7872.81613   18.255     0.01911
7872.84400   18.252     0.01733
7872.86311   18.225     0.01757
7872.88293   18.215     0.01694
7872.90192   18.194     0.01562
7872.92617   18.227     0.01765
7879.86142   18.178     0.01824
7882.91608   18.197     0.01782
7890.65817   18.195     0.02099
7910.56064   18.153     0.02145
7910.59842   18.187     0.01977
7910.61824   18.199     0.01884
7910.64039   18.186     0.01784
7910.65978   18.183     0.01660
7910.68075   18.191     0.01696
7910.70586   18.218     0.01665
7910.73266   18.217     0.01641
7910.75465   18.208     0.01586
7910.77338   18.172     0.02740
7910.79205   18.198     0.01643
7910.81662   18.196     0.01833
7910.84301   18.218     0.01807
7910.86226   18.169     0.01846
7910.88131   18.225     0.02347
7910.90023   18.210     0.01819
7910.92391   18.198     0.01793
7911.62350   18.188     0.02252
7911.64180   18.207     0.02097
7911.66126   18.228     0.01974
7911.69264   18.189     0.01822
7911.71286   18.214     0.01918
7911.73371   18.171     0.01926
7911.75287   18.216     0.01895
7911.77230   18.218     0.02033
7911.79191   18.204     0.02104
7911.80006   18.242     0.02094
7911.82772   18.170     0.02116
7911.84677   18.247     0.02161
7911.86714   18.200     0.02162
7911.88643   18.202     0.03215
7911.91028   18.223     0.05254
7911.93046   18.129     0.04000
7913.55388   18.301     0.05200
7913.57220   18.122     0.03081
7913.59336   18.180     0.03311
7913.61145   18.149     0.02997
7913.63005   18.221     0.02930
7913.66119   18.270     0.04145
7913.68076   18.258     0.02908
7913.69963   18.210     0.02596
7913.72307   18.225     0.02472
7913.74193   18.228     0.03441
7913.77214   18.181     0.03327
7913.79283   18.316     0.03984
7913.81268   18.174     0.03952
7913.83610   18.223     0.04263
7913.85439   18.160     0.03474
7913.87701   18.190     0.04032
7913.90693   18.239     0.04996
7913.91738   18.212     0.05035
7914.54913   18.110     0.04791
7914.56616   18.140     0.05283
7914.58826   18.129     0.05036
7914.60814   18.113     0.05139
7914.63122   18.385     0.06561
7914.66792   18.130     0.04464
7914.68681   18.160     0.05125
7914.70432   18.189     0.05194
7914.72234   18.212     0.05006
7914.74200   18.202     0.04717
7914.78010   18.143     0.05054
7914.79913   18.195     0.05735
7914.81887   18.130     0.05539
7914.83669   18.213     0.06204
7914.85960   18.193     0.06130
7914.89213   18.150     0.06732
7914.91005   18.058     0.06384
7914.91988   18.488     0.09889
7915.54850   18.186     0.04078
7915.56606   18.168     0.03692
7915.58397   18.202     0.03851
7915.60639   18.192     0.03669
7915.61157   18.234     0.03929
7915.63843   18.258     0.03775
7915.65594   18.210     0.03512
7915.67376   18.133     0.03638
7915.69134   18.147     0.03574
7915.70920   18.222     0.03531
7915.73829   18.158     0.03393
7915.75556   18.157     0.03759
7915.77341   18.109     0.04037
7915.80036   18.267     0.03975
7915.82372   18.208     0.03538
7915.85186   18.212     0.04777
7915.86956   18.162     0.03889
7915.88737   18.201     0.04180
7915.88879   18.209     0.04390
7915.90553   18.160     0.04144
7915.91795   18.263     0.05344
7916.54522   18.124     0.03937
7916.56263   18.218     0.03466
7916.58346   18.191     0.02936
7916.61027   18.205     0.02774
7916.64833   18.172     0.03197
7916.66607   18.213     0.02503
7916.68702   18.183     0.02907
7916.71331   18.203     0.03650
7916.73177   18.238     0.02218
7916.74927   18.195     0.01991
7916.76658   18.188     0.02012
7916.78405   18.214     0.02072
7916.81947   18.258     0.02395
7916.83970   18.202     0.02395
7916.85730   18.180     0.02418
7916.87540   18.208     0.02749
7916.89413   18.257     0.03322
7917.56079   18.200     0.02441
7917.57850   18.177     0.02131
7917.59888   18.177     0.02468
7917.61633   18.198     0.01956
7917.63345   18.180     0.02029
7917.65103   18.218     0.02311
7917.66642   18.216     0.02000
7917.66792   18.225     0.02007
7917.67304   18.214     0.01804
7917.71645   18.211     0.01784
7917.73452   18.193     0.01878
7917.75305   18.246     0.01931
7917.77438   18.239     0.01933
7917.80049   18.241     0.01967
7917.82107   18.190     0.02279
7917.84597   18.146     0.02333
7917.86514   18.204     0.02385
7917.88405   18.218     0.02253
7917.89952   18.227     0.02873
7918.54021   18.156     0.02847
7918.56743   18.107     0.02343
7918.58522   18.148     0.03147
7918.60216   18.152     0.04034
7918.62036   18.206     0.02759
7918.63823   18.151     0.02916
7918.66802   18.148     0.03241
7918.68747   18.201     0.03105
7918.70613   18.213     0.06305
7918.73133   18.186     0.02913
7918.74987   18.163     0.02630
7918.77321   18.262     0.04529
7918.80779   18.327     0.07836
7918.83286   18.316     0.13475
7918.85324   17.660     0.19395
7918.88095   19.342     1.58767
7918.90848   17.143     0.66441
7919.58760   18.303     0.11800
7919.60666   18.170     0.10340
7919.62484   18.416     0.27295
7919.66180   18.085     0.24708
7919.69072   18.232     0.32245
7919.71276   18.204     0.15938
7923.53577   18.205     0.02377
7923.55489   18.188     0.02184
7923.57405   18.190     0.01848
7923.59303   18.230     0.01953
7923.62544   18.208     0.01751
7923.64394   18.188     0.01688
7923.68218   18.195     0.01839
7923.70176   18.179     0.01734
7923.72649   18.211     0.01716
7923.75423   18.164     0.02233
7923.77630   18.262     0.05355
7924.53004   18.183     0.01741
7924.54847   18.216     0.05838
7924.57149   18.211     0.02709
7924.60948   18.197     0.02575
7924.62816   18.199     0.02446
7924.66613   18.156     0.04175
7924.68580   18.216     0.01872
7924.71770   18.242     0.02262
7924.73599   18.191     0.01839
7924.75449   18.215     0.02313
7924.77359   18.297     0.02711
7924.79527   18.180     0.01934
7924.81999   18.266     0.02222
7924.84788   18.217     0.01779
7924.86799   18.236     0.02014
7924.88768   18.209     0.02560
7925.51149   17.977     0.34681
7925.53182   18.148     0.05357
7925.55521   18.148     0.04236
7925.58561   18.137     0.05441
7925.60436   17.569     0.15581
7925.62311   18.382     0.09957
7925.64186   18.267     0.08917
7925.69280   19.442     1.60003
7925.71184   18.711     0.68135
7925.71485   18.661     0.35244
7925.73652   18.250     0.03411
7925.75505   18.241     0.02527
7925.77350   18.198     0.04071
7925.80654   18.171     0.02337
7925.82542   18.215     0.07092
7925.84500   18.213     0.14198
7925.86533   17.687     0.16287
7927.76804   18.148     0.02752
7927.78868   18.214     0.03276
7933.49950   18.138     0.02071
7933.52759   18.189     0.01958
7933.54833   18.252     0.02288
7933.59244   18.195     0.01876
7933.62005   18.218     0.01890
7933.65071   18.218     0.01664
7933.67367   18.193     0.01691
7933.69439   18.215     0.01726
7933.71557   18.194     0.01805
7933.73966   18.156     0.01693
7933.75881   18.230     0.01624
7933.79086   18.236     0.01803
7933.81279   18.209     0.01787
7933.83281   18.250     0.01917
7933.85175   18.203     0.02112
7934.49989   18.174     0.02008
7934.51947   18.148     0.01806
7934.54240   18.175     0.01679
7934.57653   18.214     0.01653
7934.59552   18.200     0.01953
7934.61635   18.191     0.01921
7934.65385   18.265     0.02231
7934.67593   18.211     0.01730
7934.69982   18.233     0.01925
7934.72758   18.173     0.01772
7934.74785   18.172     0.01827
7934.76893   18.162     0.01720
7934.78879   18.272     0.02311
7934.81613   18.184     0.02307
7934.84293   18.071     0.02018
7934.86357   18.117     0.02020
7935.48395   18.185     0.02099
7935.52173   18.172     0.01882
7935.54149   18.204     0.02489
7935.57323   18.203     0.01710
7935.59408   18.213     0.01766
7935.61599   18.186     0.01581
7935.63464   18.256     0.01852
7935.65516   18.188     0.01715
7935.70727   18.217     0.01835
7935.72769   18.214     0.01576
7935.74837   18.229     0.01790
7935.76749   18.197     0.01601
7935.79415   18.190     0.01674
7935.82063   18.207     0.01913
7935.83907   18.262     0.02151
7935.85741   18.235     0.02224
7936.50851   18.208     0.02058
7936.52763   18.197     0.01697
7936.55360   18.185     0.01711
7936.58261   18.202     0.01821
7936.60433   18.212     0.01695
7936.62381   18.202     0.01767
7936.64629   18.161     0.01644
7936.69790   18.206     0.01909
7936.71724   18.190     0.01583
7936.73640   18.227     0.01623
7936.75491   18.189     0.01959
7936.77330   18.190     0.01667
7936.80425   18.179     0.01767
7936.82241   18.194     0.01783
7936.84136   18.133     0.02039
7936.86126   18.186     0.02121
7937.48194   18.223     0.02792
7937.50905   18.201     0.02323
7937.53152   18.170     0.01838
7937.55762   18.207     0.01819
7937.57741   18.229     0.01795
7937.59781   18.182     0.02063
7937.61760   18.203     0.01874
7937.64261   18.207     0.01748
7937.68528   18.189     0.01615
7937.70493   18.251     0.01832
7937.72522   18.207     0.01952
7937.74422   18.143     0.02032
7937.76416   18.248     0.01932
7937.79652   18.166     0.01728
7937.81609   18.215     0.01751
7937.83511   18.254     0.01980
7938.48206   18.095     0.09610
7938.52161   18.222     0.02320
7938.55645   18.180     0.02132
7938.57627   18.224     0.02230

