7808.59108   18.019     0.02075
7808.60346   18.016     0.01546
7808.61802   17.977     0.01522
7808.63022   17.995     0.01511
7809.57637   18.060     0.02247
7809.59040   17.938     0.02273
7809.60248   18.074     0.01907
7809.61577   17.998     0.01685
7809.62944   18.042     0.01701
7809.64152   18.001     0.02234
7810.57238   18.093     0.02659
7810.59515   18.087     0.02301
7810.61209   18.038     0.02145
7810.62441   18.050     0.02083
7810.63685   18.012     0.02555
7811.56486   18.022     0.02206
7811.57680   18.019     0.02278
7811.58887   18.041     0.01911
7811.60235   18.072     0.01939
7811.61430   18.084     0.01950
7811.62805   18.080     0.01720
7812.56192   18.094     0.01802
7812.57395   18.047     0.01871
7812.59334   18.079     0.01932
7812.60524   18.063     0.01575
7812.61926   18.074     0.01458
7812.63144   18.092     0.01453
7814.55816   18.118     0.02318
7814.56952   18.109     0.01902
7814.58105   18.091     0.01812
7814.59332   18.130     0.01739
7814.60880   18.121     0.01686
7814.62016   18.106     0.01661
7814.63898   18.119     0.01533
7815.55708   18.080     0.02124
7815.57018   18.167     0.02460
7815.57317   18.098     0.01909
7815.57631   18.109     0.02100
7815.58689   18.068     0.01939
7815.60127   18.039     0.01946
7815.61473   18.114     0.01956
7815.63047   18.112     0.01850
7816.55614   18.102     0.01825
7816.56804   18.139     0.01919
7816.57988   18.109     0.01811
7816.59340   18.108     0.01769
7816.60657   18.131     0.01807
7816.62599   18.110     0.01516
7816.63940   18.152     0.01654
7817.54999   18.143     0.01898
7817.56663   18.194     0.01914
7817.57829   18.156     0.01512
7817.59020   18.153     0.01641
7817.60586   18.126     0.01750
7817.61857   18.142     0.01579
7817.63096   18.141     0.01520
7817.64241   18.092     0.01720
7818.54806   18.158     0.02546
7818.55974   18.125     0.02370
7818.58222   18.130     0.02088
7818.59469   18.198     0.02086
7818.60871   18.110     0.01707
7818.61973   18.156     0.01782
7818.63293   18.149     0.01432
7818.64434   18.151     0.01923
7819.54865   18.151     0.01985
7819.56287   18.149     0.01831
7819.57462   18.132     0.01555
7819.58638   18.136     0.01678
7819.59814   18.202     0.02123
7819.60987   18.077     0.02146
7819.62818   18.211     0.02291
7819.64194   18.120     0.02012
7820.55514   18.145     0.02045
7820.56686   18.103     0.01839
7820.57884   18.141     0.01827
7820.59373   18.165     0.01775
7820.60578   18.171     0.01842
7820.61839   18.165     0.01993
7820.63011   18.138     0.02013
7820.64174   18.106     0.01890
7821.53841   18.292     0.03458
7821.55053   18.161     0.02765
7821.57192   18.204     0.02791
7821.58419   18.182     0.02342
7821.59648   18.085     0.02290
7821.60862   18.146     0.02391
7821.62095   18.085     0.02314
7821.63309   18.171     0.02181
7823.53479   18.153     0.02160
7823.54722   18.194     0.02245
7823.55959   18.147     0.01957
7823.57207   18.187     0.02106
7823.58616   18.182     0.02010
7823.60619   18.146     0.01795
7823.61874   18.155     0.01727
7823.63173   18.144     0.01577
7824.53083   18.164     0.03066
7824.54319   18.196     0.03248
7824.55568   18.217     0.02988
7824.56853   18.127     0.02187
7824.58113   18.179     0.02323
7824.59400   18.180     0.02313
7824.60655   18.138     0.02172
7824.62632   18.142     0.01975
7824.63864   18.171     0.02104
7825.52917   17.995     0.03131
7825.54140   18.125     0.03274
7825.55424   18.167     0.03145
7825.56645   18.201     0.02783
7825.58327   18.316     0.03071
7825.59700   18.173     0.03283
7825.60921   18.176     0.03226
7825.62122   18.259     0.06039
7825.63654   18.163     0.02268
7825.64936   18.184     0.01972
7828.51951   18.203     0.02290
7828.53970   18.219     0.02428
7828.55168   18.180     0.02122
7828.56382   18.145     0.02183
7828.57581   18.162     0.01864
7828.58806   18.224     0.01929
7828.59133   18.168     0.01831
7828.60483   18.183     0.02101
7828.61724   18.181     0.01906
7828.63008   18.163     0.01898
7828.64273   18.151     0.01773
7829.51744   18.200     0.02228
7829.52928   18.186     0.02149
7829.54862   18.179     0.02087
7829.56065   18.188     0.01890
7829.57473   18.201     0.02003
7829.58665   18.157     0.02268
7829.60002   18.209     0.01818
7829.61182   18.200     0.01758
7829.62416   18.174     0.01773
7829.63649   18.171     0.01923
7829.64887   18.169     0.02126
7830.51559   18.200     0.04974
7830.52770   18.134     0.05056
7830.54771   18.271     0.05857
7830.57216   18.085     0.04834
7830.59971   18.166     0.05222
7830.61208   18.294     0.03653
7830.62424   18.238     0.03741
7830.63818   18.062     0.05275
7830.65094   18.155     0.01868
7832.51297   18.151     0.04127
7832.53278   18.268     0.03872
7832.54469   18.205     0.03012
7832.55699   18.195     0.03517
7832.56933   18.239     0.03584
7832.58180   18.317     0.03670
7832.59428   18.228     0.03408
7832.60664   18.154     0.03010
7832.61893   18.219     0.03068
7832.63138   18.155     0.03384
7832.64362   18.178     0.02812
7832.65603   18.128     0.02590
7834.50751   18.226     0.01984
7834.52256   18.189     0.01868
7834.53463   18.148     0.01855
7834.55754   18.188     0.01576
7834.56890   18.198     0.01559
7834.58089   18.121     0.01899
7834.59315   18.180     0.01643
7834.60516   18.177     0.01823
7834.61860   18.167     0.01543
7834.63072   18.153     0.01497
7834.64310   18.151     0.02048
7834.64608   18.186     0.02155
7838.49711   18.239     0.02017
7838.51664   18.199     0.02166
7838.52873   18.201     0.02239
7838.54138   18.145     0.01878
7838.55331   18.149     0.01655
7838.56514   18.198     0.02049
7838.57703   18.189     0.01901
7838.59027   18.216     0.02065
7838.60280   18.203     0.01651
7838.61486   18.188     0.01691
7838.62656   18.212     0.02331
7838.63854   18.192     0.01490
7839.49355   18.200     0.01769
7839.51680   18.179     0.01479
7839.53891   18.166     0.01614
7839.55060   18.160     0.01744
7839.56162   18.215     0.01874
7839.57351   18.240     0.03176
7839.58562   18.209     0.01439
7839.59723   18.250     0.03386
7839.60858   18.174     0.01402
7839.61215   18.176     0.01551
7839.63062   18.178     0.01363
7839.64206   18.182     0.02154
7839.65408   18.190     0.01462
7839.50522   18.187     0.01683
7840.59994   18.165     0.01899
7840.61111   18.173     0.01947
7840.62289   18.212     0.01897
7840.63442   18.206     0.01759
7840.64747   18.199     0.01816
7840.65984   18.151     0.02167
7841.48912   18.221     0.02084
7841.50283   18.217     0.02406
7841.51617   18.244     0.02406
7841.53881   18.175     0.02077
7841.55386   18.204     0.02175
7841.56619   18.318     0.02839
7841.57788   18.287     0.02745
7841.59104   18.275     0.02390
7841.60279   18.193     0.02214
7841.61530   18.270     0.02652
7841.62754   18.158     0.02330
7841.63923   18.190     0.02587
7841.64194   18.215     0.02474
7842.48553   18.196     0.02085
7842.50890   18.145     0.01887
7842.52048   18.168     0.01923
7842.53221   18.162     0.01820
7842.54374   18.286     0.01803
7842.55880   18.193     0.01685
7842.57308   18.187     0.01596
7842.58657   18.219     0.01638
7842.59112   18.180     0.01648
7842.60005   18.209     0.01851
7842.61247   18.252     0.01925
7842.62531   18.171     0.01742
7842.63792   18.180     0.01968
7842.65716   18.203     0.01777
7843.48238   18.102     0.03296
7843.49412   18.186     0.02836
7843.50638   18.120     0.02868
7843.51954   17.110     1.07708
7843.53097   18.215     0.02930
7843.54530   18.166     0.49045
7843.64816   18.571     0.53041
7844.48870   18.063     0.01984
7844.50705   18.187     0.02141
7844.51875   18.283     0.02443
7844.53024   18.215     0.02105
7844.54207   18.185     0.01928
7844.55489   18.183     0.01789
7844.56635   18.177     0.01882
7844.57779   18.219     0.01808
7844.58962   18.213     0.02013
7844.60110   18.143     0.01697
7844.61329   18.178     0.01877
7844.63195   18.151     0.01825
7844.64398   18.204     0.01673
7844.65739   18.184     0.01665
7845.47927   18.236     0.02053
7845.49130   18.194     0.01628
7845.50374   18.174     0.01726
7845.56980   15.013     0.25844
7846.47578   18.155     0.01811
7846.48820   18.235     0.02039
7846.50022   18.194     0.01890
7846.51229   18.175     0.01810
7846.52384   18.193     0.01651
7846.53765   18.186     0.01613
7846.55670   18.191     0.01638
7846.55963   18.222     0.01579
7846.57102   18.166     0.01787
7846.58361   18.155     0.01711
7846.59566   18.202     0.01520
7846.60728   18.174     0.01750
7846.61990   18.186     0.01775
7846.63192   18.210     0.01844
7846.63463   18.186     0.01998
7846.64509   18.168     0.01609
7846.65720   18.198     0.01599
7847.48023   18.226     0.01789
7847.49235   18.174     0.01646
7847.51464   18.201     0.01566
7847.53165   18.201     0.01887
7847.54346   18.190     0.01630
7847.55523   18.184     0.01553
7847.56772   18.202     0.01608
7847.60846   12.076     0.22388
7847.62127   14.973     0.45990
7848.47082   18.172     0.03379
7848.48288   18.451     0.03536
7848.48654   18.202     0.03078
7848.49858   18.262     0.02970
7848.51254   18.148     0.02129
7848.52585   18.197     0.01993
7848.54052   18.208     0.02105
7848.55296   18.164     0.02074
7848.56456   18.244     0.03213
7848.57653   18.173     0.01762
7848.58825   18.188     0.02030
7848.60734   18.195     0.03549
7848.61943   18.204     0.03445
7848.63181   18.333     0.08260
7848.64372   18.248     0.02757
7848.65711   18.187     0.02465
7853.45464   18.250     0.02688
7853.46733   18.162     0.02328
7853.47982   18.201     0.02625
7853.49207   18.174     0.02266
7853.50458   18.184     0.02149
7853.51738   18.132     0.02077
7853.53009   18.195     0.02239
7853.55022   18.157     0.02116
7853.56219   18.225     0.02520
7853.56514   18.152     0.02599
7853.57563   18.263     0.02249
7853.58786   18.189     0.02294
7853.59989   18.204     0.02380
7853.61347   18.221     0.02300
7853.62647   18.155     0.02018
7853.63863   18.230     0.02166
7853.65215   18.290     0.02238
7853.66465   18.212     0.01927
7854.45186   18.222     0.02686
7854.47203   18.168     0.02436
7854.48434   18.149     0.02200
7854.49692   18.265     0.02552
7854.51123   18.174     0.02044
7854.52345   18.197     0.02595
7854.53593   18.194     0.02632
7854.54825   18.218     0.02411
7854.56068   18.211     0.02452
7854.57320   18.211     0.02509
7854.58536   18.147     0.02526
7854.60528   18.153     0.02000
7854.61747   18.162     0.02105
7854.62981   18.204     0.02283
7854.64364   18.175     0.01931
7854.65587   18.159     0.01835
7854.66832   18.232     0.02084
7855.45083   18.235     0.02411
7855.46536   18.184     0.02408
7855.47765   18.225     0.02353
7855.49013   18.122     0.02294
7855.50232   18.226     0.02125
7855.52267   18.222     0.02066
7855.53493   18.231     0.02124
7855.54832   18.235     0.02177
7855.56088   18.169     0.02846
7855.56525   18.230     0.02043
7855.57733   18.211     0.02167
7855.58959   18.184     0.02251
7855.60256   18.186     0.02026
7855.61435   18.187     0.01909
7855.62644   18.185     0.02031
7855.64145   18.198     0.02198
7855.65423   18.182     0.02019
7856.46361   18.962     0.20721
7856.48462   18.026     0.28474
7856.49656   18.546     0.08990
7856.56666   18.379     0.03496
7859.44419   18.232     0.03978
7859.45807   18.236     0.04227
7859.46975   18.213     0.04137
7859.48193   18.077     0.03516
7859.49412   18.276     0.03957
7859.50599   18.206     0.03937
7859.51797   18.119     0.03798
7859.53699   18.202     0.04306
7859.55413   18.292     0.04160
7859.56596   18.266     0.04204
7859.57798   18.252     0.03935
7859.59001   18.509     0.06550
7859.60397   18.340     0.04532
7859.61821   18.128     0.04268
7859.63153   18.173     0.04082
7859.64489   18.259     0.04217
7859.66225   18.327     0.04604
7860.44083   18.149     0.05880
7860.45943   18.103     0.04915
7860.47098   18.216     0.05436
7860.48280   18.115     0.03865
7860.49559   18.236     0.04205
7860.51177   18.138     0.04060
7860.52331   18.145     0.05187
7860.53829   18.221     0.04614
7860.55059   18.244     0.04433
7860.56281   18.160     0.03586
7860.57571   18.209     0.05104
7860.59489   18.280     0.04479
7860.61174   18.118     0.04680
7860.62582   18.216     0.04871
7860.63771   18.160     0.04635
7860.64976   18.155     0.04360
7860.66642   18.153     0.03581
7861.43941   18.262     0.03919
7861.45111   18.261     0.04418
7861.46257   18.169     0.03383
7861.47579   18.139     0.02812
7861.47900   18.251     0.03278
7861.48921   18.113     0.02659
7861.50052   18.175     0.02559
7861.51960   18.171     0.03227
7861.56179   18.215     0.03050
7861.57581   18.207     0.02163
7861.58796   18.190     0.02001
7861.59989   18.206     0.02099
7861.61152   18.193     0.02027
7861.62520   18.177     0.01873
7861.63721   18.226     0.02019
7861.64852   18.194     0.01851
7861.66000   18.201     0.01990
7862.44487   18.206     0.01873
7862.45765   18.210     0.02103
7862.46922   18.129     0.02023
7862.48076   18.172     0.02056
7862.49261   18.188     0.01996
7862.50451   18.186     0.01703
7862.52251   18.158     0.02116
7862.53605   18.187     0.01660
7862.56274   18.212     0.01900
7862.58126   18.173     0.01898
7862.59319   18.221     0.02006
7862.60690   18.195     0.01858
7862.62263   18.167     0.01608
7862.63423   18.150     0.02254
7862.64590   18.211     0.01912
7862.65777   18.176     0.02246
7862.66908   18.179     0.03329
7863.43180   18.186     0.01729
7863.44340   18.186     0.01605
7863.45539   18.176     0.01442
7863.46765   18.195     0.01620
7863.48738   18.210     0.01590
7863.49942   18.159     0.01519
7863.51146   18.188     0.01687
7863.52940   18.150     0.01676
7863.54133   18.226     0.01583
7863.55273   18.205     0.01564
7863.56440   18.167     0.01543
7863.57634   18.196     0.01651
7863.58806   18.191     0.01464
7863.60026   18.224     0.02282
7863.62140   18.221     0.01893
7863.64048   18.171     0.01491
7863.65219   18.211     0.01590
7863.66405   18.203     0.02106
7864.43607   18.191     0.01517
7864.45051   18.282     0.02765
7864.45786   18.224     0.01838
7864.47003   18.184     0.01892
7864.48194   18.193     0.01586
7864.49353   18.171     0.01420
7864.50521   18.179     0.01556
7864.52388   18.192     0.01513
7864.53573   18.178     0.01558
7864.54754   18.196     0.01550
7864.55907   18.191     0.01519
7864.57059   18.199     0.01517
7864.58198   18.194     0.01517
7864.59431   18.201     0.01686
7864.60795   18.192     0.01675
7864.62125   18.171     0.01574
7864.63268   18.221     0.01683
7864.65197   18.191     0.01534
7864.66384   18.207     0.01601
7865.43088   18.189     0.02231
7865.44242   18.227     0.02098
7865.45589   18.185     0.01537
7865.46795   18.188     0.01674
7865.47959   18.182     0.01611
7865.49198   18.194     0.01623
7865.50402   18.194     0.01749
7865.51602   18.173     0.01673
7865.52998   18.213     0.01913
7865.54586   18.190     0.01779
7865.56480   18.227     0.02198
7865.57729   18.193     0.01909
7865.58972   18.166     0.01743
7865.60238   18.168     0.01734
7865.61527   18.214     0.01647
7865.62865   18.167     0.01737
7865.64134   18.206     0.01516
7865.65332   18.191     0.01706
7865.66514   18.200     0.01799
7866.42659   18.173     0.01733
7866.44566   18.215     0.01970
7866.45781   18.176     0.01606
7866.46991   18.203     0.01533
7866.48209   18.171     0.01393
7866.49386   18.172     0.01313
7866.50527   18.201     0.01458
7866.51704   18.195     0.01394
7866.52884   18.195     0.01473
7866.54265   18.225     0.01588
7866.55469   18.175     0.01466
7866.57481   18.207     0.01492
7866.58703   18.190     0.02127
7866.60106   18.205     0.01470
7866.61683   18.196     0.01588
7866.62927   18.233     0.01789
7866.64139   18.179     0.01494
7866.65149   18.237     0.01519
7866.66382   18.189     0.01817
7867.42311   18.091     0.02228
7867.43522   18.211     0.03216
7867.45468   18.060     0.02566
7867.46653   18.298     0.02712
7867.47819   18.047     0.02142
7867.49007   18.205     0.02441
7867.51315   18.542     0.03717
7867.52474   18.084     0.02679
7867.53645   18.351     0.02750
7867.61374   18.306     0.02943
7867.64523   18.149     0.02862
7867.66443   18.187     0.02148
7868.43384   18.275     0.02322
7868.45750   18.178     0.02246
7868.46884   18.198     0.01891
7868.48187   18.203     0.01657
7868.49484   18.189     0.01442
7868.50668   18.196     0.01579
7868.51911   18.227     0.01569
7868.53761   18.184     0.01421
7868.54900   18.212     0.01647
7868.57198   18.216     0.01751
7868.58407   18.179     0.01757
7868.59789   18.215     0.02063
7868.61284   18.195     0.01597
7868.62726   18.200     0.02261
7868.64011   18.176     0.01706
7868.65160   18.192     0.02286
7868.67004   18.184     0.01957
7869.47715   18.806     0.63908
7869.48895   18.244     0.01759
7869.50100   18.172     0.01576
7869.51222   18.168     0.01837
7869.52362   17.922     0.48958
7869.61829   18.202     0.02048
7869.63023   18.204     0.01986
7869.64627   18.188     0.01720
7871.40692   18.143     0.01818
7871.41922   18.161     0.02025
7871.43919   18.189     0.02312
7871.45119   18.211     0.02219
7871.46345   18.223     0.02050
7871.47577   18.190     0.01720
7871.48837   18.209     0.01961
7871.62650   18.212     0.02920
7871.63879   18.219     0.02196
7871.65127   18.218     0.02211
7871.66969   18.181     0.01923
7872.40318   18.245     0.01952
7872.41539   18.172     0.01984
7872.42748   18.199     0.01995
7872.45970   18.187     0.01635
7872.47177   18.216     0.01676
7872.48399   18.186     0.01733
7872.49602   18.174     0.01476
7872.50829   18.166     0.01589
7872.52043   18.202     0.01615
7872.53412   18.185     0.01543
7872.54617   18.188     0.01453
7872.55855   18.176     0.01636
7872.57822   18.202     0.01636
7872.59381   18.214     0.01678
7872.60710   18.202     0.01728
7872.61927   18.210     0.01754
7872.63313   18.193     0.01642
7872.64528   18.187     0.01571
7872.65750   18.229     0.01861
7872.67014   18.189     0.02043
7873.40116   18.256     0.02408
7873.41323   18.175     0.02060
7873.42529   18.152     0.02367
7873.44464   18.118     0.13289
7873.53738   18.181     0.01803
7873.54991   18.237     0.02002
7873.58113   18.262     0.02357
7873.59396   18.114     0.02382
7873.63148   18.236     0.02049
7873.66338   18.195     0.02207
7874.40911   18.245     0.02236
7874.42210   18.114     0.02147
7874.43446   18.169     0.02059
7874.44698   18.224     0.02147
7874.46116   18.206     0.02260
7874.56186   18.238     0.02572
7874.57435   18.173     0.02421
7874.58701   18.283     0.03572
7874.59955   18.195     0.04197
7874.61896   18.560     0.15245
7874.63132   18.229     0.04066
7875.41445   18.220     0.01982
7875.42655   18.140     0.01725
7875.44025   18.208     0.01672
7875.45275   18.189     0.01613
7875.46479   18.188     0.01679
7875.48008   18.187     0.01746
7875.49236   18.190     0.01738
7875.51432   18.186     0.04327
7875.52663   18.217     0.03727
7875.53901   18.183     0.01576
7875.55152   18.198     0.01769
7875.56433   18.275     0.03265
7875.57728   18.204     0.02350
7875.59133   18.232     0.01800
7875.60430   18.175     0.01653
7875.61659   18.186     0.01695
7875.63411   18.216     0.02027
7875.65387   18.184     0.01849
7875.67845   18.205     0.02218
7876.50162   18.350     0.04320
7876.51377   18.190     0.03734
7876.57751   18.218     0.01798
7876.59018   18.235     0.01882
7876.60266   18.150     0.01964
7876.62229   18.169     0.01633
7876.63608   18.191     0.01649
7876.66509   18.226     0.01810
7876.67729   18.194     0.01746
7878.38896   18.186     0.01974
7878.40072   18.124     0.02075
7878.41262   18.223     0.02050
7878.42452   18.208     0.01873
7878.43666   18.165     0.02046
7878.44926   18.212     0.01867
7878.46128   18.175     0.02142
7878.49460   18.124     0.01955
7878.50683   18.174     0.01534
7878.51876   18.158     0.01664
7878.53074   18.236     0.01722
7878.54807   18.171     0.02225
7878.56048   18.219     0.01692
7878.59776   18.175     0.01461
7878.61767   18.184     0.02082
7878.62982   18.182     0.01836
7878.64214   18.256     0.03178
7878.66689   18.269     0.02214
7878.67937   18.176     0.02166
7879.40148   18.219     0.02288
7879.42873   18.251     0.02419
7879.46107   18.239     0.02059
7879.49194   18.254     0.02647
7878.50457   18.206     0.02646
7879.50463   18.206     0.02646
7879.51745   18.180     0.02101
7879.52971   18.182     0.02650
7879.54499   18.211     0.02028
7879.56055   18.203     0.01662
7879.57299   18.226     0.01869
7879.58847   18.206     0.01748
7879.60864   18.157     0.02147
7879.62235   18.186     0.01771
7879.63435   18.207     0.01890
7879.64635   18.227     0.01986
7879.64928   18.209     0.02506
7879.66155   18.660     0.14378
7879.66325   18.229     0.02195
7879.67551   18.181     0.01991
7880.38303   18.163     0.02407
7880.39534   18.259     0.02404
7880.40837   18.164     0.02114
7880.42166   18.214     0.02157
7880.43380   18.251     0.02213
7880.44626   18.151     0.01884
7880.46970   18.216     0.01918
7880.48194   18.191     0.01928
7880.49453   18.172     0.01869
7880.50693   18.213     0.01796
7880.51949   18.218     0.01822
7880.53238   18.169     0.01766
7880.54829   18.214     0.01651
7880.56164   18.223     0.01745
7880.57525   18.198     0.02471
7880.58899   18.198     0.01817
7880.61128   18.183     0.01602
7880.62410   18.220     0.01674
7880.63778   18.178     0.01797
7880.65074   18.177     0.01725
7880.66283   18.174     0.01475
7880.67781   18.173     0.01631
7881.38145   18.221     0.02598
7881.39669   18.210     0.04746
7881.41026   18.526     0.29323
7881.42407   18.180     0.02209
7881.43700   18.199     0.02670
7881.45818   18.195     0.01864
7881.47038   18.173     0.01850
7881.48265   18.260     0.01983
7881.49712   18.183     0.01749
7881.51270   18.215     0.01778
7881.52494   18.192     0.01874
7881.53751   18.234     0.01926
7881.55008   18.176     0.01833
7881.56260   18.207     0.01734
7881.57561   18.210     0.02129
7881.60006   18.160     0.01630
7881.61330   18.203     0.01662
7881.62574   18.201     0.01701
7881.63861   18.204     0.01603
7881.65097   18.193     0.01628
7881.66312   18.182     0.01738
7881.67513   18.147     0.01834
7882.48419   18.180     0.02015
7882.49612   18.252     0.02112
7882.50990   18.189     0.02017
7882.52236   18.188     0.02180
7882.53679   18.209     0.01977
7882.55668   18.193     0.02039
7882.57032   18.239     0.01953
7882.58313   18.219     0.01955
7882.59547   18.204     0.02034
7882.60800   18.203     0.02104
7882.62073   18.202     0.01888
7882.63525   18.215     0.01877
7882.64770   18.176     0.01745
7882.66012   18.226     0.01764
7882.67366   18.248     0.02416
7883.37940   18.116     0.02258
7883.40307   18.211     0.02189
7883.41502   18.201     0.02153
7883.42829   18.229     0.02153
7883.44193   18.225     0.02026
7883.45506   18.190     0.01879
7883.46696   18.185     0.01941
7883.47853   18.189     0.01818
7862.54942   18.156     0.01740
7867.50168   18.145     0.02387
7867.62657   18.271     0.02781
7868.42244   18.142     0.02063
7868.44609   18.164     0.01931
7868.56039   18.236     0.02122
7872.44743   18.218     0.01864
7873.56486   18.241     0.02224
7873.57803   18.112     0.02648
7873.60684   18.257     0.02140
7873.61920   18.241     0.02010
7873.64379   18.238     0.02474
7875.40194   18.219     0.02076
7875.66618   18.204     0.02073
7876.46548   18.228     0.01959
7876.47754   18.241     0.01903
7876.48943   18.212     0.01883
7876.64814   18.200     0.01749
7878.57302   18.191     0.01560
7878.65449   18.178     0.02093
7879.38922   18.116     0.02005
7879.41383   18.198     0.02226
7879.44107   18.202     0.01947
7879.47345   18.193     0.01994
7883.49080   18.207     0.01925
7883.50466   18.231     0.01835
7883.51691   18.197     0.01729
7883.53699   18.239     0.01853
7883.55147   18.177     0.01870
7883.56735   18.219     0.01850
7883.58168   18.199     0.01818
7883.59381   18.200     0.01797
7883.60723   18.208     0.01982
7883.61904   18.172     0.02024
7883.63079   18.193     0.01988
7883.64276   18.155     0.01896
7883.65716   18.176     0.02239
7883.67727   18.225     0.02455
7884.37953   18.225     0.03595
7884.39148   18.241     0.03486
7884.40311   18.169     0.02846
7884.41497   18.207     0.02665
7884.42732   18.200     0.02822
7884.43935   18.218     0.03573
7884.45080   18.259     0.05511
7884.46410   18.265     0.03023
7884.47542   18.116     0.03352
7884.48711   18.236     0.02581
7884.49886   18.177     0.03158
7884.51862   18.190     0.02545
7884.53053   18.229     0.02885
7884.54361   18.214     0.02963
7884.55709   18.209     0.03162
7884.57174   18.190     0.02601
7884.58464   18.237     0.02585
7884.59851   18.239     0.03146
7884.60169   18.245     0.02971
7884.61317   18.177     0.02639
7884.62591   18.185     0.03439
7884.63798   18.201     0.04152
7884.65709   18.191     0.02681
7884.66913   18.210     0.02719
7884.68085   18.165     0.02670
7886.37087   18.976     0.19756
7886.38610   17.823     0.27942
7887.36742   18.147     0.05692
7887.38451   18.115     0.04358
7887.39976   17.978     0.04466
7887.41130   18.128     0.05091
7887.42323   18.202     0.04778
7887.43613   18.167     0.04840
7887.44797   18.191     0.03771
7887.46876   18.137     0.04572
7887.48080   18.206     0.04816
7887.49413   18.296     0.05295
7887.50673   18.146     0.04049
7887.51870   18.267     0.05032
7887.53065   18.181     0.04841
7887.54306   18.164     0.03845
7887.56890   18.217     0.04056
7887.58282   18.216     0.05030
7887.59498   18.136     0.04804
7887.61474   18.135     0.05011
7887.62656   18.187     0.04682
7887.63936   18.133     0.05795
7887.65015   18.276     0.05834
7887.66198   18.164     0.05837
7887.67433   18.187     0.04783
7888.36582   18.161     0.03497
7888.37649   18.196     0.03547
7888.39196   18.250     0.03592
7888.40753   18.184     0.03287
7888.42411   18.239     0.03361
7888.43604   18.255     0.03279
7888.45558   18.199     0.02999
7888.46725   18.189     0.02978
7888.47933   18.160     0.02771
7888.49180   18.212     0.03231
7888.50502   18.140     0.03383
7888.51663   18.208     0.03126
7888.52832   18.140     0.02781
7888.54059   18.237     0.02830
7888.55745   18.168     0.02741
7888.57256   18.239     0.03010
7888.60028   18.211     0.02680
7888.61273   18.171     0.03467
7888.63076   18.193     0.02843
7888.64235   18.185     0.02833
7888.65428   18.178     0.02752
7888.66644   18.241     0.03028
7888.67898   18.230     0.03388
7889.40515   18.212     0.02188
7889.41700   18.143     0.02586
7889.42898   18.877     3.24570
7889.44054   18.138     0.04196
7889.46117   18.144     0.02782
7889.47344   18.188     0.02252
7889.52272   18.166     0.02003
7889.54626   18.214     0.01867
7889.56455   18.167     0.01760
7889.57674   18.176     0.01821
7889.58884   18.186     0.01933
7889.60294   18.177     0.01831
7889.60580   18.190     0.04149
7889.62738   18.188     0.01817
7889.64672   18.201     0.02021
7889.65776   18.147     0.01971
7889.66999   18.330     0.05133
7889.68120   18.330     0.05038
7890.36050   18.150     0.02429
7890.37162   18.160     0.02506
7890.38410   18.235     0.02320
7890.39625   18.183     0.02191
7890.40803   18.203     0.01856
7890.42068   18.175     0.01948
7890.43339   18.198     0.01737
7890.45386   18.244     0.01894
7890.46658   18.223     0.02006
7890.47826   18.225     0.02259
7890.48997   18.185     0.01788
7890.50135   18.179     0.01717
7890.51356   18.297     0.02821
7890.52692   18.221     0.02442
7890.54033   18.171     0.02183
7890.55472   18.200     0.01708
7890.56833   18.175     0.01623
7890.58871   18.190     0.01748
7890.60051   18.195     0.01865
7890.61220   18.231     0.01824
7890.62409   18.215     0.02043
7890.63851   18.209     0.01876
7890.65041   18.223     0.02218
7890.65346   18.230     0.01989
7890.66407   18.215     0.01812
7890.67851   18.198     0.01829
7891.35797   18.175     0.01919
7891.37044   18.195     0.01739
7891.38283   18.185     0.01539
7891.40293   18.194     0.01496
7891.41522   18.214     0.01642
7891.42782   18.231     0.02646
7891.44028   18.210     0.01818
7891.45289   18.168     0.01782
7891.46541   18.194     0.01686
7891.47853   18.176     0.01571
7891.49080   18.189     0.01578
7891.50474   18.278     0.01766
7891.51871   18.196     0.02122
7891.53087   18.225     0.01882
7891.55166   18.191     0.02362
7891.56608   18.170     0.01729
7891.57890   18.228     0.01911
7891.59414   18.162     0.01897
7891.60715   18.180     0.01682
7891.61942   18.233     0.01757
7891.63200   18.242     0.02231
7891.64651   18.196     0.02159
7891.66365   18.226     0.02577
7891.67570   18.193     0.04016
7892.35175   18.207     0.02113
7892.37359   18.167     0.01783
7892.38597   18.212     0.01895
7892.39819   18.188     0.01625
7892.41082   18.167     0.01891
7892.42360   18.181     0.01863
7892.43636   18.179     0.01873
7892.44876   18.207     0.01728
7892.46150   18.255     0.02611
7892.47475   18.228     0.01856
7892.48803   18.211     0.01748
7892.51004   18.188     0.02055
7892.52710   18.177     0.01730
7892.54095   18.196     0.02310
7892.55430   18.187     0.01489
7892.57148   18.185     0.01615
7892.58412   18.202     0.01615
7892.60375   18.225     0.01596
7892.61804   18.207     0.01862
7892.63105   18.198     0.01846
7892.64792   18.251     0.02087
7892.66794   18.245     0.02263
7892.68041   18.181     0.02016
7893.34898   18.203     0.01890
7893.36619   18.209     0.01634
7893.37843   18.193     0.01624
7893.39092   18.180     0.01536
7893.40533   18.198     0.01547
7893.41763   18.186     0.01402
7893.43019   18.195     0.01522
7893.44307   18.236     0.01635
7893.45567   18.200     0.01687
7893.47685   18.206     0.01498
7893.49098   18.199     0.01477
7893.50372   18.223     0.01787
7893.51613   18.202     0.01485
7893.52887   18.205     0.01672
7893.54217   18.179     0.01527
7893.55491   18.193     0.01672
7893.56729   18.175     0.01551
7893.58141   18.188     0.01629
7893.59443   18.189     0.01751
7893.61421   18.180     0.01582
7893.62646   18.206     0.01736
7893.63878   18.179     0.01670
7893.65114   18.222     0.01794
7893.66345   18.193     0.01822
7893.67582   18.212     0.02370
7894.34676   18.189     0.01805
7894.35932   18.166     0.01847
7894.37173   18.192     0.01849
7894.38528   18.235     0.01684
7894.40494   18.251     0.03805
7894.41721   18.263     0.02853
7894.42934   18.181     0.14131
7894.44221   14.731     0.74922
7894.45584   18.480     0.36492
7894.47008   18.189     0.01340
7894.48290   18.224     0.03678
7894.49520   18.227     0.01446
7894.50752   18.183     0.01331
7894.51997   18.194     0.01456
7894.54202   18.193     0.01477
7894.56099   18.191     0.01504
7894.57576   18.202     0.01535
7894.58934   18.199     0.01597
7894.60265   18.228     0.01645
7894.61558   18.179     0.01915
7894.62839   18.241     0.01862
7894.64281   18.213     0.01789
7894.65531   18.194     0.01932
7894.66825   18.196     0.01980
7894.68252   18.254     0.02572
7895.35591   18.151     0.02034
7895.37582   18.206     0.02023
7895.38794   18.198     0.02499
7895.40120   18.194     0.01766
7895.41317   18.203     0.02993
7895.42514   18.170     0.02611
7895.43732   18.148     0.02395
7895.44959   18.291     0.20515
7895.46439   18.231     0.13018
7895.47687   18.174     0.01516
7895.48917   18.180     0.01580
7895.50888   18.206     0.01741
7895.52131   18.205     0.01962
7895.53533   18.186     0.01523
7895.54793   18.222     0.01649
7895.56041   18.211     0.01714
7895.57533   18.169     0.01674
7895.58833   18.199     0.01836
7895.60120   18.184     0.01726
7895.61540   18.132     0.02186
7895.64862   18.229     0.02260
7895.66126   18.193     0.03550
7895.67431   18.156     0.03332
7895.68684   18.256     0.08523
7896.34068   18.169     0.01808
7896.35277   18.230     0.02009
7896.36508   18.188     0.01805
7896.37948   18.181     0.01936
7896.39159   18.211     0.01933
7896.40507   18.188     0.02033
7896.41707   18.183     0.01717
7896.44098   18.228     0.04073
7896.45346   18.185     0.02577
7896.46568   18.190     0.01744
7896.47915   18.222     0.01838
7896.49180   18.202     0.01794
7896.50455   18.211     0.02004
7896.51896   18.214     0.01740
7896.53292   18.222     0.01618
7896.54513   18.181     0.01598
7896.55790   18.247     0.02176
7896.57036   18.093     0.05953
7896.59091   18.180     0.01954
7896.60400   18.224     0.02098
7896.61632   18.265     0.02448
7896.62847   18.562     0.18743
7896.64109   18.205     0.03260
7896.65388   18.261     0.03741
7896.66664   18.243     0.04859
7896.68088   18.339     0.05500
7897.34074   18.244     0.02362
7897.35385   18.226     0.02419
7897.36655   18.232     0.02321
7897.38457   18.211     0.02036
7898.34572   18.238     0.03370
7898.35709   18.169     0.04103
7898.36889   18.205     0.02831
7898.38261   18.121     0.02227
7898.39738   18.208     0.01757
7898.41037   18.160     0.01592
7898.42172   18.209     0.01639
7898.43335   18.202     0.01543
7898.44528   18.199     0.01795
7898.45919   18.227     0.01655
7898.47883   18.191     0.01645
7898.49086   18.210     0.01752
7898.50396   18.220     0.02049
7898.51604   18.175     0.02510
7898.53050   18.173     0.01934
7898.54311   18.197     0.01677
7898.55630   18.202     0.02037
7898.56959   18.192     0.01525
7898.58172   18.247     0.02396
7898.59391   18.232     0.02138
7898.61420   18.256     0.05331
7898.62655   18.168     0.03672
7898.63793   18.224     0.03839
7898.64969   18.274     0.03629
7898.66637   18.229     0.07244
7898.67802   18.317     0.09960
7901.33322   18.252     0.02458
7901.59391   18.230     0.01924
7901.60637   18.220     0.02431
7901.61914   18.234     0.02049
7901.63301   18.155     0.01809
7901.65342   18.141     0.01970
7901.66622   18.201     0.02369
7901.67871   18.190     0.02154
7901.69026   18.224     0.03186
7902.32624   18.163     0.02223
7902.33976   18.227     0.02133
7902.35200   18.180     0.01879
7902.36423   18.195     0.01757
7902.37697   18.208     0.01647
7902.39099   18.203     0.01486
7902.40414   18.158     0.01424
7902.42390   18.190     0.01331
7902.43538   18.213     0.01777
7902.44749   18.197     0.01570
7902.46010   18.192     0.01518
7902.47392   18.207     0.01470
7902.48708   18.201     0.01687
7902.49890   18.178     0.01450
7902.51266   18.164     0.01633
7902.52494   18.228     0.01779
7902.53685   18.167     0.01678
7902.55891   18.240     0.01800
7902.57107   18.193     0.01943
7902.58474   18.227     0.01964
7902.59666   18.211     0.02073
7902.60926   18.185     0.02160
7902.62159   18.206     0.02164
7902.63346   18.184     0.02226
7902.64677   18.189     0.02236
7902.65838   18.121     0.02372
7902.67033   18.164     0.02327
7903.33669   18.208     0.02246
7903.34838   18.259     0.02159
7903.36025   18.248     0.02293
7903.37205   18.219     0.02055
7903.38491   18.151     0.01859
7903.39769   18.126     0.01773
7903.40915   18.160     0.01998
7903.42247   18.154     0.04417
7903.42738   18.208     0.02315
7903.43904   18.282     0.02404
7903.45118   18.309     0.02320
7903.46326   18.218     0.01920
7903.48680   18.229     0.02668
7903.50039   18.134     0.02930
7903.51426   18.137     0.01844
7903.53215   18.233     0.02488
7903.54425   18.190     0.02153
7903.55670   18.198     0.02207
7903.56977   18.160     0.02082
7903.58206   18.205     0.02642
7903.59598   18.237     0.04394
7903.60893   18.255     0.10705
7903.63158   18.175     0.02605
7903.64430   18.231     0.02691
7903.65707   18.232     0.02450
7903.66927   18.273     0.02601
7903.68150   18.211     0.02735
7889.61554   18.217     0.02058
7904.32364   18.174     0.02335
7904.33498   18.149     0.02226
7904.34680   18.220     0.02607
7904.35866   18.202     0.02201
7904.37011   18.190     0.02071
7904.38815   18.162     0.02051
7904.41175   18.150     0.01804
7904.42370   18.200     0.01919
7904.43548   18.154     0.01866
7904.45001   18.246     0.01868
7904.46199   18.155     0.01868
7904.47443   18.223     0.01926
7904.48718   18.191     0.01760
7904.50415   18.191     0.01966
7904.51000   18.206     0.01854
7904.51982   18.197     0.01970
7904.53283   18.184     0.01749
7904.55573   18.184     0.02149
7904.56943   18.190     0.02012
7904.58296   18.197     0.02298
7904.59475   18.172     0.01821
7904.60672   18.186     0.02109
7904.61997   18.273     0.02839
7904.63187   18.205     0.02136
7904.64429   18.243     0.02128
7904.65704   18.237     0.02185
7904.66962   18.207     0.02245
7904.68910   18.092     0.02653
7905.31456   18.213     0.02781
7905.33393   18.220     0.02198
7905.34884   18.169     0.02225
7905.36089   18.211     0.01951
7905.37292   18.182     0.01957
7905.38512   18.177     0.01951
7905.39723   18.182     0.01768
7905.40969   18.203     0.01824
7905.42204   18.222     0.01975
7905.43450   18.174     0.02112
7905.44675   18.173     0.01841
7905.46647   18.195     0.01857
7905.48001   18.173     0.01763
7905.49207   18.222     0.01955
7905.50445   18.208     0.02074
7905.51676   18.241     0.01828
7905.52973   18.159     0.01866
7905.54240   18.152     0.01857
7905.55796   18.441     0.06699
7905.56039   18.222     0.02288
7905.57426   18.156     0.01760
7905.60773   18.211     0.02070
7905.62288   18.203     0.02477
7905.63843   18.241     0.02296
7905.65079   18.202     0.02213
7905.66301   18.364     0.10575
7905.67626   17.662     0.14522
7906.31529   18.236     0.03003
7906.32873   18.136     0.03629
7906.34072   18.162     0.01965
7906.35297   18.211     0.02224
7906.36563   18.238     0.02263
7906.36874   18.235     0.02207
7906.38727   18.218     0.01821
7906.39946   18.226     0.01937
7906.41183   18.185     0.01580
7906.42519   18.192     0.01633
7906.43865   18.207     0.01674
7906.45178   18.206     0.01807
7906.46928   18.145     0.01890
7906.48141   18.151     0.02215
7906.49388   18.277     0.06682
7906.50891   18.173     0.01892
7906.52166   18.202     0.01518
7906.54490   18.204     0.01819
7906.56960   18.236     0.02808
7906.63378   18.163     0.01800
7906.64636   18.144     0.01923
7906.65891   18.208     0.01967
7906.67114   18.167     0.02911
7906.68518   18.182     0.02691
7907.31412   18.183     0.02504
7907.32809   18.233     0.02264
7907.34332   18.198     0.02700
7907.36252   18.187     0.02193
7907.37434   18.228     0.02018
7907.38951   18.233     0.01917
7907.40190   18.207     0.01926
7907.41564   18.174     0.01966
7907.42961   18.156     0.01678
7907.44183   18.190     0.01789
7907.45457   18.205     0.01840
7907.46706   18.221     0.01788
7907.48049   18.226     0.01822
7907.49983   18.209     0.01760
7907.51243   18.173     0.01793
7907.52430   18.184     0.01720
7907.53619   18.211     0.01788
7907.54822   18.219     0.02209
7907.56021   18.251     0.02413
7907.57438   18.166     0.02166
7907.58675   18.144     0.01785
7907.59905   18.166     0.01803
7907.61187   18.178     0.02709
7907.63521   18.137     0.03209
7907.64799   18.144     0.02403
7907.66047   18.247     0.02529
7907.67690   18.226     0.02578
7910.30568   18.321     0.03061
7910.31811   18.139     0.02741
7910.33031   18.225     0.02645
7910.34231   18.219     0.02406
7910.35608   18.214     0.02272
7910.36826   18.181     0.02079
7910.38058   18.169     0.02310
7910.39656   18.205     0.01967
7910.41696   18.178     0.01983
7910.42906   18.163     0.02217
7910.44136   18.203     0.01986
7910.45365   18.161     0.02156
7910.46594   18.137     0.02185
7910.47813   18.233     0.02265
7910.49039   18.258     0.02267
7910.50268   18.261     0.02399
7910.51562   18.158     0.01975
7910.52987   18.192     0.02119
7910.55702   18.275     0.02318
7910.56935   18.214     0.02308
7910.58182   18.223     0.02284
7910.59433   18.192     0.02354
7910.60801   18.155     0.02511
7910.62016   18.217     0.02283
7910.63239   18.219     0.02385
7910.64470   18.204     0.02465
7910.65769   18.165     0.02470
7910.67033   18.217     0.02700
7916.30565   12.902     1.10831
7916.34080   18.691     2.45182
7916.36492   17.161     0.44672
7917.28650   18.298     0.03100
7917.30584   18.235     0.02927
7917.31814   18.187     0.02265
7917.32939   18.226     0.02403
7917.34057   18.213     0.02363
7917.35213   18.249     0.03074
7917.36414   18.155     0.02330
7917.37687   18.223     0.02450
7917.38852   18.184     0.02375
7917.39995   18.160     0.02117
7917.41338   18.228     0.02250
7917.43229   18.229     0.02417
7917.44404   18.228     0.02429
7917.45605   18.229     0.01968
7917.46885   18.191     0.01854
7917.48142   18.227     0.04078
7917.48698   18.179     0.01645
7917.48971   18.206     0.01699
7917.50556   18.167     0.01625
7917.51667   18.172     0.02039
7917.52786   18.172     0.01881
7917.53993   18.154     0.01860
7917.56141   18.209     0.02162
7917.58016   18.210     0.02182
7917.59147   18.249     0.01999
7917.60499   18.201     0.02099
7917.61655   18.148     0.02008
7917.62833   18.192     0.02335
7917.64568   18.211     0.02350
7918.44037   18.191     0.01750
7918.45329   18.190     0.01906
7918.46735   18.170     0.02033
7918.47887   18.187     0.02334
7918.49934   18.255     0.02375
7918.51802   18.201     0.01965
7918.52942   18.197     0.02258
7918.54208   18.180     0.01863
7918.62554   18.179     0.02471
7918.64009   18.222     0.02675
7919.27965   18.131     0.02673
7919.29625   18.176     0.02599
7919.31003   18.200     0.02359
7919.32287   18.200     0.02402
7919.33494   18.231     0.02286
7919.34738   18.256     0.02562
7919.35939   18.216     0.02234
7919.37478   18.203     0.02148
7919.39592   18.165     0.01986
7919.41031   18.195     0.01971
7919.42272   18.212     0.01824
7919.43516   18.181     0.01795
7919.44805   18.206     0.02001
7919.46076   18.278     0.02114
7919.47376   18.224     0.01886
7919.48715   18.193     0.01918
7919.49917   18.178     0.01893
7919.51196   18.192     0.02389
7919.53130   18.183     0.02181
7919.54364   18.217     0.02552
7920.27857   18.198     0.02274
7920.29192   18.235     0.02150
7920.30389   18.260     0.01957
7920.31587   18.258     0.02284
7920.32857   18.209     0.01774
7920.34061   18.226     0.01997
7920.35295   18.188     0.01979
7920.36494   18.201     0.01979
7920.37770   18.207     0.01939
7920.39737   18.187     0.01610
7920.40968   18.236     0.01741
7920.42556   18.188     0.01693
7920.43765   18.217     0.01648
7920.44968   18.242     0.01987
7920.46316   18.177     0.01747
7920.47540   18.196     0.01618
7920.48776   18.223     0.01851
7920.49988   18.195     0.01825
7920.51248   18.197     0.01926
7920.53261   18.169     0.01783
7920.54501   18.248     0.02017
7920.55936   18.217     0.02104
7920.57199   18.221     0.02062
7920.58440   18.181     0.01861
7920.59704   18.169     0.02087
7920.61016   18.265     0.02446
7920.62362   18.223     0.02522
7920.63769   18.204     0.02233
7921.27164   18.261     0.02795
7921.28865   18.184     0.02326
7921.30336   18.194     0.02188
7921.31570   18.254     0.02282
7921.33494   18.220     0.02439
7921.35149   18.247     0.02270
7921.36389   18.231     0.02310
7921.37828   18.249     0.03323
7921.39046   18.210     0.02060
7921.40428   18.176     0.02094
7921.41706   18.197     0.01694
7921.42915   18.192     0.01706
7921.44199   18.179     0.01693
7921.45431   18.239     0.01953
7921.47423   18.186     0.01901
7921.48632   18.216     0.02165
7921.49834   18.249     0.02661
7921.51063   18.273     0.03195
7921.52311   18.249     0.05279
7921.53537   18.218     0.01864
7921.54762   18.181     0.02300
7921.55994   18.290     0.02303
7921.57232   18.212     0.02187
7921.58448   18.219     0.02698
7921.60483   18.438     0.07214
7921.61787   18.205     0.05316
7921.63521   18.034     0.07175
7922.27337   18.156     0.02389
7922.28554   18.216     0.02148
7922.29758   18.202     0.02176
7922.30073   18.169     0.02266
7922.59543   18.232     0.01884
7922.60792   18.202     0.01895
7922.62047   18.204     0.02112
7922.63567   18.217     0.02493
7923.26619   18.100     0.08151
7923.27888   18.236     0.06368
7923.34343   16.894     0.41872
7923.39588   18.177     0.01806
7923.41601   18.187     0.01744
7923.42908   18.200     0.01551
7923.44159   18.191     0.01713
7923.45930   18.135     0.01787
7923.47232   18.186     0.01622
7923.48526   18.213     0.01639
7923.49811   18.216     0.01795
7923.51046   18.189     0.01682
7923.52282   18.220     0.01985
7923.53522   18.221     0.01939
7923.55152   18.183     0.01973
7923.57126   18.230     0.02117
7923.58347   18.181     0.02612
7923.59585   18.267     0.02566
7923.60925   18.147     0.02788
7923.62743   18.209     0.02945
7925.26529   18.194     0.02639
7925.27671   18.171     0.02616
7925.28824   18.276     0.03431
7925.29977   18.015     0.02310
7925.31172   18.258     0.02891
7925.32388   18.175     0.02158
7925.34409   18.160     0.02187
7925.35576   18.222     0.02265
7925.36750   18.222     0.02490
7925.37947   18.178     0.02185
7925.39365   18.251     0.02219
7925.40612   18.251     0.02034
7925.41865   18.203     0.02130
7925.43286   18.200     0.01869
7925.44603   18.165     0.01706
7925.45890   18.198     0.01602
7925.47778   18.229     0.01711
7925.48956   18.210     0.01730
7925.50082   18.168     0.01664
7925.51398   18.190     0.01806
7925.52647   18.198     0.01777
7925.54462   18.211     0.02019
7925.55718   18.218     0.01796
7925.56913   18.215     0.01852
7925.58086   18.231     0.02141
7925.59290   18.198     0.02023
7925.61160   18.157     0.01915
7925.62081   18.167     0.02202
7926.26610   18.164     0.02436
7926.27803   18.199     0.02393
7926.29006   18.207     0.02353
7926.30227   18.222     0.02086
7926.31407   18.228     0.02197
7926.32521   18.237     0.02005
7926.33913   18.216     0.01865
7926.35037   18.220     0.01984
7926.36227   18.224     0.02017
7926.37504   18.240     0.02145
7926.38685   18.201     0.02008
7926.61849   18.209     0.02692
7928.28016   18.203     0.02574
7928.29836   18.185     0.02001
7928.31750   18.196     0.02051
7928.33470   18.204     0.01791
7928.35179   18.185     0.01655
7928.36876   18.204     0.01669
7928.38644   18.198     0.01596
7928.40402   18.182     0.01588
7928.42302   18.156     0.01679
7928.44365   18.208     0.01745
7928.46460   18.245     0.01731
7928.49005   18.114     0.01928
7928.51156   18.204     0.01913
7928.52838   18.217     0.02132
7928.54674   18.245     0.02032
7928.56435   18.200     0.02109
7928.58251   18.197     0.01985
7928.60083   18.194     0.02467
7928.61417   18.186     0.02341
7929.26598   18.214     0.02834
7929.28415   18.191     0.02362
7929.30236   18.212     0.02300
7929.31950   18.165     0.02145
7929.32248   18.200     0.02009
7929.35048   18.190     0.01995
7929.36859   18.170     0.01856
7929.38592   18.268     0.02294
7929.40443   18.181     0.01784
7929.42508   18.211     0.02039
7929.44582   18.221     0.01619
7929.46436   18.214     0.01777
7929.48266   18.198     0.01681
7929.50071   18.205     0.01636
7929.52072   18.209     0.01616
7929.54253   18.211     0.01751
7929.56853   18.194     0.01823
7929.58923   18.197     0.02071
7929.61191   18.136     0.02463
7931.45932   18.207     0.01913
7931.47623   18.229     0.01773
7931.49860   18.202     0.01793
7931.52315   18.227     0.02170
7932.47901   18.240     0.02579
7932.49658   18.428     0.03396
7934.23659   18.307     0.03303
7934.25451   18.166     0.02313
7934.27276   18.132     0.02333
7934.29225   18.274     0.02545
7934.31033   11.973     0.00526
7934.31613   18.198     0.01900
7934.33575   18.213     0.01972
7934.35370   18.195     0.01997
7934.39231   18.229     0.02020
7934.41129   18.252     0.01913
7934.43013   18.185     0.01903
7934.44833   18.208     0.02055
7934.46684   18.194     0.01870
7934.48517   18.237     0.02000
7934.50383   18.160     0.02379
7934.52186   18.217     0.02125
7934.54075   18.174     0.02122
7934.55962   18.224     0.02583
7934.58272   18.284     0.02760
7934.60140   18.270     0.03381
7935.23474   18.232     0.02589
7935.28372   18.167     0.02402
7935.30174   18.180     0.01933
7935.31988   18.139     0.02067
7935.33869   18.196     0.02209
7935.35894   18.204     0.01883
7935.37706   18.205     0.01717
7935.39523   18.199     0.01669
7935.41820   18.216     0.01639
7935.43679   18.186     0.01820
7935.47228   18.179     0.01705
7935.49056   18.200     0.01628
7935.51137   18.180     0.01679
7935.53176   18.230     0.01912
7935.55070   18.208     0.01574
7935.57047   18.246     0.01765
7935.59860   18.200     0.01897
7936.24027   18.141     0.03558
7936.25882   18.153     0.04162
7936.27849   17.778     0.11161
7936.31885   18.202     0.06031
7936.34495   18.207     0.03110
7936.36533   18.135     0.04582
7936.38394   18.163     0.05719
7936.40429   18.139     0.04297
7936.42299   18.208     0.03187
7936.44287   18.202     0.03140
7936.46858   18.242     0.04448
7936.48738   18.149     0.02964
7936.52439   18.205     0.02985
7936.56762   18.320     0.10603
7936.59296   18.337     0.13929
7937.23745   18.140     0.02487
7937.25559   18.441     0.05886
7937.25708   18.228     0.02777
7937.27521   18.257     0.02506
7937.44974   18.220     0.01986
7937.46944   18.183     0.01993
7937.48872   18.208     0.02500
7937.50672   18.185     0.01974
7937.52530   18.227     0.02269
7937.54357   18.229     0.02606
7937.56534   18.213     0.02244
7937.59386   18.186     0.02626
7938.23454   18.266     0.02835

